  Event Nr     Extra cuts survived      Gen cos theta*        Main lhco file      MW Number (main)      TTbar splitting lhco file      MW Number (splitting)    MC scale factor

    4                   0                2.000000000 
    23                  0                2.000000000 
    30                  0                2.000000000 
    33                  0                2.000000000 
    35                  0                2.000000000 
    43                  0                2.000000000 
    47                  0                2.000000000 
    63                  0                2.000000000 
    66                  0                2.000000000 
    70                  0                2.000000000 
    71                  0                2.000000000 
    78                  1                2.000000000             SemiMu                1                     Unmatched                     1                      0.969738662

    85                  0                2.000000000 
    90                  0                2.000000000 
    93                  0                2.000000000 
    113                 0                2.000000000 
    123                 0                2.000000000 
    125                 0                2.000000000 
    128                 0                2.000000000 
    163                 0                2.000000000 
    165                 0                2.000000000 
    183                 0                2.000000000 
    185                 0                2.000000000 
    187                 0                2.000000000 
    194                 0                2.000000000 
    197                 0                2.000000000 
    198                 0                2.000000000 
    203                 0                2.000000000 
    205                 0                2.000000000 
    209                 0                2.000000000 
    216                 1                2.000000000             SemiMu                2                     Unmatched                     2                      0.994525611

    221                 0                2.000000000 
    228                 1                2.000000000             SemiMu                3                     Unmatched                     3                      0.492125332

    274                 0                2.000000000 
    286                 0                2.000000000 
    294                 1                2.000000000             SemiMu                4                     Unmatched                     4                      0.982414961

    330                 0                2.000000000 
    336                 0                2.000000000 
    338                 0                2.000000000 
    347                 0                2.000000000 
    358                 0                2.000000000 
    367                 0                2.000000000 
    381                 0                2.000000000 
    382                 1                2.000000000             SemiMu                5                     Unmatched                     5                      0.017826222

    407                 0                2.000000000 
    412                 0                2.000000000 
    414                 0                2.000000000 
    415                 0                2.000000000 
    421                 0                2.000000000 
    428                 1                2.000000000             SemiMu                6                     Unmatched                     6                      0.879145801

    435                 0                2.000000000 
    448                 0                2.000000000 
    458                 0                2.000000000 
    480                 0                2.000000000 
    485                 1                2.000000000             SemiMu                7                     Unmatched                     7                      0.963033736

    495                 0                2.000000000 
    529                 0                2.000000000 
    532                 0                2.000000000 
    546                 1                2.000000000             SemiMu                8                     Unmatched                     8                      0.074109137

    555                 0                2.000000000 
    562                 0                2.000000000 
    565                 0                2.000000000 
    568                 1                2.000000000             SemiMu                9                     Unmatched                     9                      0.993216455

    580                 0                2.000000000 
    588                 0                2.000000000 
    596                 0                2.000000000 
    606                 0                2.000000000 
    640                 0                2.000000000 
    662                 0                2.000000000 
    667                 0                2.000000000 
    674                 0                2.000000000 
    675                 0                2.000000000 
    678                 0                2.000000000 
    680                 0                2.000000000 
    685                 0                2.000000000 
    695                 1                2.000000000             SemiMu                10                    Unmatched                     10                     0.017644044

    696                 0                2.000000000 
    697                 0                2.000000000 
    704                 0                2.000000000 
    718                 0                2.000000000 
    723                 0                2.000000000 
    724                 0                2.000000000 
    726                 0                2.000000000 
    730                 0                2.000000000 
    741                 0                2.000000000 
    745                 0                2.000000000 
    758                 0                2.000000000 
    761                 0                2.000000000 
    763                 0                2.000000000 
    765                 0                2.000000000 
    790                 1                2.000000000             SemiMu                11                    Unmatched                     11                     0.029630385

    793                 0                2.000000000 
    796                 0                2.000000000 
    805                 0                2.000000000 
    807                 0                2.000000000 
    822                 0                2.000000000 
    824                 0                2.000000000 
    830                 1                2.000000000             SemiMu                12                    Unmatched                     12                     0.872002482

    845                 0                2.000000000 
    869                 1                2.000000000             SemiMu                13                    Unmatched                     13                     0.970578969

    901                 1                2.000000000             SemiMu                14                    Unmatched                     14                     0.318563968

    916                 0                2.000000000 
    926                 0                2.000000000 
    929                 0                2.000000000 
    931                 0                2.000000000 
    939                 0                2.000000000 
    948                 0                2.000000000 
    950                 0                2.000000000 
    967                 0                2.000000000 
    974                 0                2.000000000 
    987                 0                2.000000000 
    1009                1                2.000000000             SemiMu                15                    Unmatched                     15                     0.974738717

    1027                1                2.000000000             SemiMu                16                    Unmatched                     16                     0.982162774

    1030                0                2.000000000 
    1031                1                2.000000000             SemiMu                17                    Unmatched                     17                     0.993721426

    1035                0                2.000000000 
    1036                0                2.000000000 
    1048                0                2.000000000 
    1077                0                2.000000000 
    1088                0                2.000000000 
    1096                0                2.000000000 
    1098                0                2.000000000 
    1102                0                2.000000000 
    1107                0                2.000000000 
    1130                0                2.000000000 
    1149                0                2.000000000 
    1152                1                2.000000000             SemiMu                18                    Unmatched                     18                     0.501964509

    1156                0                2.000000000 
    1164                0                2.000000000 
    1165                0                2.000000000 
    1182                0                2.000000000 
    1206                0                2.000000000 
    1254                1                2.000000000             SemiMu                19                    Unmatched                     19                     0.167351365

    1255                0                2.000000000 
    1265                0                2.000000000 
    1267                0                2.000000000 
    1272                0                2.000000000 
    1288                0                2.000000000 
    1299                0                2.000000000 
    1333                0                2.000000000 
    1350                0                2.000000000 
    1351                0                2.000000000 
    1355                0                2.000000000 
    1361                0                2.000000000 
    1364                0                2.000000000 
    1374                0                2.000000000 
    1378                0                2.000000000 
    1393                0                2.000000000 
    1418                0                2.000000000 
    1423                0                2.000000000 
    1425                1                2.000000000             SemiMu                20                    Unmatched                     20                     0.919452727

    1426                0                2.000000000 
    1434                0                2.000000000 
    1437                0                2.000000000 
    1442                0                2.000000000 
    1479                0                2.000000000 
    1482                0                2.000000000 
    1484                0                2.000000000 
    1491                0                2.000000000 
    1505                0                2.000000000 
    1510                0                2.000000000 
    1527                0                2.000000000 
    1532                0                2.000000000 
    1540                1                2.000000000             SemiMu                21                    Unmatched                     21                     1.012899518

    1558                1                2.000000000             SemiMu                22                    Unmatched                     22                     0.969765127

    1581                0                2.000000000 
    1603                0                2.000000000 
    1605                0                2.000000000 
    1609                0                2.000000000 
    1632                0                2.000000000 
    1640                0                2.000000000 
    1642                1                2.000000000             SemiMu                23                    Unmatched                     23                     0.897165358

    1644                1                2.000000000             SemiMu                24                    Unmatched                     24                     0.852588594

    1657                1                2.000000000             SemiMu                25                    Unmatched                     25                     0.877524555

    1663                0                2.000000000 
    1675                0                2.000000000 
    1679                0                2.000000000 
    1681                0                2.000000000 
    1684                0                2.000000000 
    1697                0                2.000000000 
    1705                1                2.000000000             SemiMu                26                    Unmatched                     26                     0.234595388

    1722                0                2.000000000 
    1726                0                2.000000000 
    1728                0                2.000000000 
    1732                0                2.000000000 
    1734                0                2.000000000 
    1739                0                2.000000000 
    1742                0                2.000000000 
    1753                1                2.000000000             SemiMu                27                    Unmatched                     27                     0.974409223

    1759                0                2.000000000 
    1780                0                2.000000000 
    1791                1                2.000000000             SemiMu                28                    Unmatched                     28                     0.075739905

    1816                0                2.000000000 
    1822                0                2.000000000 
    1836                0                2.000000000 
    1851                0                2.000000000 
    1853                0                2.000000000 
    1855                0                2.000000000 
    1870                1                2.000000000             SemiMu                29                    Unmatched                     29                     0.993122935

    1877                0                2.000000000 
    1884                0                2.000000000 
    1908                0                2.000000000 
    1909                1                2.000000000             SemiMu                30                    Unmatched                     30                     0.048269041

    1911                0                2.000000000 
    1916                0                2.000000000 
    1921                0                2.000000000 
    1923                0                2.000000000 
    1924                0                2.000000000 
    1936                0                2.000000000 
    1949                0                2.000000000 
    1952                0                2.000000000 
    1956                0                2.000000000 
    1960                1                2.000000000             SemiMu                31                    Unmatched                     31                     0.992417336

    1974                0                2.000000000 
    1982                0                2.000000000 
    1994                1                2.000000000             SemiMu                32                    Unmatched                     32                     0.886244059

    1995                0                2.000000000 
    2007                0                2.000000000 
    2015                0                2.000000000 
    2020                0                2.000000000 
    2030                0                2.000000000 
    2038                0                2.000000000 
    2039                0                2.000000000 
    2044                0                2.000000000 
    2048                1                2.000000000             SemiMu                33                    Unmatched                     33                     0.047634192

    2071                0                2.000000000 
    2075                0                2.000000000 
    2077                0                2.000000000 
    2105                0                2.000000000 
    2116                0                2.000000000 
    2133                0                2.000000000 
    2138                0                2.000000000 
    2142                1                2.000000000             SemiMu                34                    Unmatched                     34                     0.855135441

    2143                0                2.000000000 
    2144                0                2.000000000 
    2149                0                2.000000000 
    2165                0                2.000000000 
    2181                0                2.000000000 
    2201                0                2.000000000 
    2202                0                2.000000000 
    2203                0                2.000000000 
    2209                1                2.000000000             SemiMu                35                    Unmatched                     35                     0.117204495

    2226                0                2.000000000 
    2248                0                2.000000000 
    2253                0                2.000000000 
    2254                0                2.000000000 
    2256                0                2.000000000 
    2264                1                2.000000000             SemiMu                36                    Unmatched                     36                     0.926518202

    2268                0                2.000000000 
    2269                0                2.000000000 
    2274                1                2.000000000             SemiMu                37                    Unmatched                     37                     0.893929720

    2281                0                2.000000000 
    2285                0                2.000000000 
    2288                1                2.000000000             SemiMu                38                    Unmatched                     38                     1.426815152

    2290                0                2.000000000 
    2293                0                2.000000000 
    2303                0                2.000000000 
    2308                0                2.000000000 
    2313                0                2.000000000 
    2323                0                2.000000000 
    2325                0                2.000000000 
    2347                0                2.000000000 
    2350                0                2.000000000 
    2358                0                2.000000000 
    2359                0                2.000000000 
    2360                0                2.000000000 
    2362                0                2.000000000 
    2372                1                2.000000000             SemiMu                39                    Unmatched                     39                     1.294532657

    2374                0                2.000000000 
    2386                0                2.000000000 
    2390                0                2.000000000 
    2393                0                2.000000000 
    2424                0                2.000000000 
    2425                0                2.000000000 
    2431                1                2.000000000             SemiMu                40                    Unmatched                     40                     0.933012843

    2454                0                2.000000000 
    2481                0                2.000000000 
    2485                1                2.000000000             SemiMu                41                    Unmatched                     41                     1.424737811

    2488                0                2.000000000 
    2501                0                2.000000000 
    2512                1                2.000000000             SemiMu                42                    Unmatched                     42                     0.897914708

    2524                1                2.000000000             SemiMu                43                    Unmatched                     43                     0.970309317

    2535                0                2.000000000 
    2537                0                2.000000000 
    2541                0                2.000000000 
    2544                0                2.000000000 
    2555                0                2.000000000 
    2564                0                2.000000000 
    2566                0                2.000000000 
    2573                0                2.000000000 
    2576                0                2.000000000 
    2584                0                2.000000000 
    2586                0                2.000000000 
    2588                0                2.000000000 
    2594                1                2.000000000             SemiMu                44                    Unmatched                     44                     0.501194179

    2598                1                2.000000000             SemiMu                45                    Unmatched                     45                     0.970805168

    2599                0                2.000000000 
    2603                0                2.000000000 
    2618                0                2.000000000 
    2619                0                2.000000000 
    2622                0                2.000000000 
    2625                1                2.000000000             SemiMu                46                    Unmatched                     46                     1.035617471

    2639                0                2.000000000 
    2646                0                2.000000000 
    2647                0                2.000000000 
    2659                0                2.000000000 
    2666                0                2.000000000 
    2729                0                2.000000000 
    2762                0                2.000000000 
    2768                0                2.000000000 
    2786                1                2.000000000             SemiMu                47                    Unmatched                     47                     0.970969319

    2790                0                2.000000000 
    2798                0                2.000000000 
    2817                0                2.000000000 
    2823                0                2.000000000 
    2832                1                2.000000000             SemiMu                48                    Unmatched                     48                     0.898881018

    2854                0                2.000000000 
    2857                0                2.000000000 
    2859                1                2.000000000             SemiMu                49                    Unmatched                     49                     0.794998646

    2883                0                2.000000000 
    2888                0                2.000000000 
    2891                0                2.000000000 
    2893                0                2.000000000 
    2903                0                2.000000000 
    2904                0                2.000000000 
    2910                0                2.000000000 
    2918                0                2.000000000 
    2922                0                2.000000000 
    2923                0                2.000000000 
    2937                0                2.000000000 
    2946                0                2.000000000 
    2951                0                2.000000000 
    2953                0                2.000000000 
    2956                1                2.000000000             SemiMu                50                    Unmatched                     50                     1.435984492

    2993                0                2.000000000 
    3006                1                2.000000000             SemiMu                51                    Unmatched                     51                     1.112775922

    3009                1                2.000000000             SemiMu                52                    Unmatched                     52                     0.402177155

    3040                0                2.000000000 
    3048                1                2.000000000             SemiMu                53                    Unmatched                     53                     0.993171275

    3059                0                2.000000000 
    3063                0                2.000000000 
    3067                0                2.000000000 
    3068                0                2.000000000 
    3081                0                2.000000000 
    3091                0                2.000000000 
    3098                0                2.000000000 
    3099                0                2.000000000 
    3108                0                2.000000000 
    3113                0                2.000000000 
    3118                0                2.000000000 
    3124                0                2.000000000 
    3136                0                2.000000000 
    3137                0                2.000000000 
    3138                1                2.000000000             SemiMu                54                    Unmatched                     54                     1.130766630

    3157                0                2.000000000 
    3166                0                2.000000000 
    3167                0                2.000000000 
    3169                0                2.000000000 
    3174                1                2.000000000             SemiMu                55                    Unmatched                     55                     0.115748353

    3176                1                2.000000000             SemiMu                56                    Unmatched                     56                     1.214139104

    3189                1                2.000000000             SemiMu                57                    Unmatched                     57                     0.503599823

    3203                1                2.000000000             SemiMu                58                    Unmatched                     58                     0.385139108

    3205                1                2.000000000             SemiMu                59                    Unmatched                     59                     0.912644804

    3216                0                2.000000000 
    3222                0                2.000000000 
    3226                0                2.000000000 
    3239                0                2.000000000 
    3245                0                2.000000000 
    3252                0                2.000000000 
    3257                0                2.000000000 
    3278                0                2.000000000 
    3302                0                2.000000000 
    3307                0                2.000000000 
    3311                1                2.000000000             SemiMu                60                    Unmatched                     60                     1.039379954

    3314                0                2.000000000 
    3323                0                2.000000000 
    3327                0                2.000000000 
    3339                1                2.000000000             SemiMu                61                    Unmatched                     61                     1.011523008

    3341                0                2.000000000 
    3397                0                2.000000000 
    3401                0                2.000000000 
    3418                0                2.000000000 
    3427                0                2.000000000 
    3432                0                2.000000000 
    3433                0                2.000000000 
    3437                0                2.000000000 
    3438                0                2.000000000 
    3448                0                2.000000000 
    3452                0                2.000000000 
    3461                0                2.000000000 
    3463                0                2.000000000 
    3466                1                2.000000000             SemiMu                62                    Unmatched                     62                     1.114632845

    3480                0                2.000000000 
    3486                0                2.000000000 
    3511                0                2.000000000 
    3550                0                2.000000000 
    3556                0                2.000000000 
    3558                0                2.000000000 
    3561                0                2.000000000 
    3587                0                2.000000000 
    3594                1                2.000000000             SemiMu                63                    Unmatched                     63                     0.074959591

    3605                0                2.000000000 
    3613                0                2.000000000 
    3615                0                2.000000000 
    3622                0                2.000000000 
    3624                0                2.000000000 
    3629                0                2.000000000 
    3638                1                2.000000000             SemiMu                64                    Unmatched                     64                     0.957607985

    3641                0                2.000000000 
    3649                0                2.000000000 
    3664                0                2.000000000 
    3668                0                2.000000000 
    3678                0                2.000000000 
    3679                0                2.000000000 
    3683                0                2.000000000 
    3720                1                2.000000000             SemiMu                65                    Unmatched                     65                     0.786631286

    3722                0                2.000000000 
    3725                0                2.000000000 
    3727                0                2.000000000 
    3730                0                2.000000000 
    3760                0                2.000000000 
    3774                0                2.000000000 
    3776                1                2.000000000             SemiMu                66                    Unmatched                     66                     0.883595645

    3779                0                2.000000000 
    3786                0                2.000000000 
    3788                0                2.000000000 
    3789                0                2.000000000 
    3792                0                2.000000000 
    3817                0                2.000000000 
    3840                0                2.000000000 
    3845                0                2.000000000 
    3848                0                2.000000000 
    3889                1                2.000000000             SemiMu                67                    Unmatched                     67                     1.114454031

    3895                0                2.000000000 
    3901                0                2.000000000 
    3908                1                2.000000000             SemiMu                68                    Unmatched                     68                     0.864236355

    3918                0                2.000000000 
    3920                0                2.000000000 
    3922                1                2.000000000             SemiMu                69                    Unmatched                     69                     0.431150317

    3925                0                2.000000000 
    3933                0                2.000000000 
    3941                0                2.000000000 
    3956                0                2.000000000 
    3964                0                2.000000000 
    3986                1                2.000000000             SemiMu                70                    Unmatched                     70                     0.595595598

    3992                0                2.000000000 
    4001                0                2.000000000 
    4006                0                2.000000000 
    4019                0                2.000000000 
    4022                0                2.000000000 
    4033                0                2.000000000 
    4044                1                2.000000000             SemiMu                71                    Unmatched                     71                     0.927864730

    4051                0                2.000000000 
    4056                0                2.000000000 
    4066                0                2.000000000 
    4069                0                2.000000000 
    4071                0                2.000000000 
    4105                0                2.000000000 
    4129                0                2.000000000 
    4136                0                2.000000000 
    4144                0                2.000000000 
    4170                0                2.000000000 
    4204                0                2.000000000 
    4214                0                2.000000000 
    4235                0                2.000000000 
    4242                0                2.000000000 
    4260                0                2.000000000 
    4264                0                2.000000000 
    4272                0                2.000000000 
    4275                1                2.000000000             SemiMu                72                    Unmatched                     72                     0.493987530

    4282                0                2.000000000 
    4287                0                2.000000000 
    4294                0                2.000000000 
    4297                0                2.000000000 
    4301                0                2.000000000 
    4320                0                2.000000000 
    4322                1                2.000000000             SemiMu                73                    Unmatched                     73                     0.774449170

    4328                0                2.000000000 
    4352                0                2.000000000 
    4353                0                2.000000000 
    4355                0                2.000000000 
    4373                0                2.000000000 
    4386                0                2.000000000 
    4388                0                2.000000000 
    4398                0                2.000000000 
    4407                0                2.000000000 
    4410                0                2.000000000 
    4416                0                2.000000000 
    4417                1                2.000000000             SemiMu                74                    Unmatched                     74                     0.970705986

    4450                0                2.000000000 
    4464                0                2.000000000 
    4485                0                2.000000000 
    4529                0                2.000000000 
    4537                0                2.000000000 
    4542                0                2.000000000 
    4563                0                2.000000000 
    4579                0                2.000000000 
    4615                1                2.000000000             SemiMu                75                    Unmatched                     75                     0.897298217

    4619                0                2.000000000 
    4621                0                2.000000000 
    4631                0                2.000000000 
    4635                0                2.000000000 
    4636                0                2.000000000 
    4646                0                2.000000000 
    4650                0                2.000000000 
    4673                1                2.000000000             SemiMu                76                    Unmatched                     76                     0.981560111

    4674                0                2.000000000 
    4680                0                2.000000000 
    4686                0                2.000000000 
    4692                0                2.000000000 
    4700                0                2.000000000 
    4712                0                2.000000000 
    4732                0                2.000000000 
    4740                0                2.000000000 
    4744                0                2.000000000 
    4748                0                2.000000000 
    4751                0                2.000000000 
    4757                0                2.000000000 
    4760                0                2.000000000 
    4770                0                2.000000000 
    4773                0                2.000000000 
    4779                1                2.000000000             SemiMu                77                    Unmatched                     77                     1.223722458

    4790                0                2.000000000 
    4793                0                2.000000000 
    4814                1                2.000000000             SemiMu                78                    Unmatched                     78                     1.111937642

    4837                0                2.000000000 
    4841                0                2.000000000 
    4859                0                2.000000000 
    4870                0                2.000000000 
    4874                0                2.000000000 
    4876                0                2.000000000 
    4879                0                2.000000000 
    4887                0                2.000000000 
    4890                0                2.000000000 
    4901                1                2.000000000             SemiMu                79                    Unmatched                     79                     0.802159131

    4933                0                2.000000000 
    4935                0                2.000000000 
    4939                0                2.000000000 
    4946                0                2.000000000 
    4949                0                2.000000000 
    4976                0                2.000000000 
    4980                0                2.000000000 
    4986                0                2.000000000 
    4997                0                2.000000000 
    5009                0                2.000000000 
    5023                0                2.000000000 
    5032                0                2.000000000 
    5035                0                2.000000000 
    5037                0                2.000000000 
    5049                0                2.000000000 
    5053                0                2.000000000 
    5066                0                2.000000000 
    5078                0                2.000000000 
    5086                0                2.000000000 
    5087                0                2.000000000 
    5088                0                2.000000000 
    5100                1                2.000000000             SemiMu                80                    Unmatched                     80                     0.230249777

    5107                0                2.000000000 
    5108                1                2.000000000             SemiMu                81                    Unmatched                     81                     0.989647269

    5109                0                2.000000000 