  Event Nr     Extra cuts survived      Gen cos theta*        Main lhco file      MW Number (main)      TTbar splitting lhco file      MW Number (splitting)    MC scale factor

    3                   0                2.000000000 
    22                  0                2.000000000 
    24                  0                2.000000000 
    34                  0                2.000000000 
    38                  0                2.000000000 
    39                  1                2.000000000             SemiMu                1                     Unmatched                     1                      0.863883436

    50                  0                2.000000000 
    59                  1                2.000000000             SemiMu                2                     Unmatched                     2                      0.858850121

    62                  0                2.000000000 
    65                  0                2.000000000 
    67                  0                2.000000000 
    75                  0                2.000000000 
    82                  0                2.000000000 
    83                  0                2.000000000 
    85                  0                2.000000000 
    87                  0                2.000000000 
    95                  0                2.000000000 
    103                 0                2.000000000 
    116                 0                2.000000000 
    128                 0                2.000000000 
    137                 0                2.000000000 
    150                 0                2.000000000 
    162                 0                2.000000000 
    190                 0                2.000000000 
    202                 0                2.000000000 
    229                 1                2.000000000             SemiMu                3                     Unmatched                     3                      0.000307116

    230                 0                2.000000000 
    241                 0                2.000000000 
    242                 0                2.000000000 
    247                 0                2.000000000 
    250                 1                2.000000000             SemiMu                4                     Unmatched                     4                      0.927683353

    252                 0                2.000000000 
    256                 0                2.000000000 
    260                 0                2.000000000 
    264                 0                2.000000000 
    270                 0                2.000000000 
    276                 0                2.000000000 
    281                 0                2.000000000 
    298                 0                2.000000000 
    299                 0                2.000000000 
    301                 0                2.000000000 
    302                 0                2.000000000 
    305                 0                2.000000000 
    318                 0                2.000000000 
    322                 0                2.000000000 
    327                 0                2.000000000 
    329                 0                2.000000000 
    338                 0                2.000000000 
    358                 1                2.000000000             SemiMu                5                     Unmatched                     5                      0.876802087

    366                 0                2.000000000 
    386                 0                2.000000000 
    395                 0                2.000000000 
    397                 0                2.000000000 
    405                 1                2.000000000             SemiMu                6                     Unmatched                     6                      0.796977699

    411                 1                2.000000000             SemiMu                7                     Unmatched                     7                      0.601998270

    417                 1                2.000000000             SemiMu                8                     Unmatched                     8                      0.891540706

    429                 0                2.000000000 
    439                 0                2.000000000 
    441                 0                2.000000000 
    482                 0                2.000000000 
    493                 0                2.000000000 
    497                 0                2.000000000 
    499                 1                2.000000000             SemiMu                9                     Unmatched                     9                      1.302724004

    503                 0                2.000000000 
    507                 0                2.000000000 
    508                 1                2.000000000             SemiMu                10                    Unmatched                     10                     1.300256014

    518                 0                2.000000000 
    520                 0                2.000000000 
    529                 0                2.000000000 
    548                 0                2.000000000 
    571                 0                2.000000000 
    578                 0                2.000000000 
    583                 0                2.000000000 
    587                 0                2.000000000 
    592                 0                2.000000000 
    618                 0                2.000000000 
    642                 0                2.000000000 
    655                 0                2.000000000 
    660                 0                2.000000000 
    662                 0                2.000000000 
    666                 0                2.000000000 
    667                 1                2.000000000             SemiMu                11                    Unmatched                     11                     0.510399997

    672                 0                2.000000000 
    673                 0                2.000000000 
    677                 0                2.000000000 
    682                 1                2.000000000             SemiMu                12                    Unmatched                     12                     0.957760274

    690                 0                2.000000000 
    702                 0                2.000000000 
    712                 1                2.000000000             SemiMu                13                    Unmatched                     13                     0.789088905

    713                 0                2.000000000 
    717                 0                2.000000000 
    732                 0                2.000000000 
    734                 0                2.000000000 
    737                 0                2.000000000 
    738                 0                2.000000000 
    739                 0                2.000000000 
    755                 0                2.000000000 
    766                 0                2.000000000 
    776                 0                2.000000000 
    797                 0                2.000000000 
    808                 0                2.000000000 
    817                 0                2.000000000 
    825                 1                2.000000000             SemiMu                14                    Unmatched                     14                     0.896084726

    834                 0                2.000000000 
    837                 0                2.000000000 
    839                 0                2.000000000 
    845                 0                2.000000000 
    850                 0                2.000000000 
    856                 0                2.000000000 
    858                 0                2.000000000 
    861                 0                2.000000000 
    872                 0                2.000000000 
    891                 0                2.000000000 
    906                 1                2.000000000             SemiMu                15                    Unmatched                     15                     1.003415108

    915                 1                2.000000000             SemiMu                16                    Unmatched                     16                     0.873445749

    918                 0                2.000000000 
    932                 0                2.000000000 
    938                 0                2.000000000 
    952                 0                2.000000000 
    957                 0                2.000000000 
    967                 0                2.000000000 
    973                 0                2.000000000 
    976                 0                2.000000000 
    982                 0                2.000000000 
    984                 0                2.000000000 
    990                 0                2.000000000 
    991                 0                2.000000000 
    1008                0                2.000000000 
    1017                0                2.000000000 
    1020                0                2.000000000 
    1024                0                2.000000000 
    1032                0                2.000000000 
    1033                0                2.000000000 