  Event Nr     Extra cuts survived      Gen cos theta*        Main lhco file      MW Number (main)      TTbar splitting lhco file      MW Number (splitting)    MC scale factor

    33                  0                2.000000000 
    155                 1                2.000000000             SemiMu                1                     Unmatched                     1                      0.877483010

    273                 0                2.000000000 
    343                 0                2.000000000 
    360                 0                2.000000000 
    763                 1                2.000000000             SemiMu                2                     Unmatched                     2                      0.901477396

    876                 1                2.000000000             SemiMu                3                     Unmatched                     3                      0.991406024

    906                 0                2.000000000 
    1064                0                2.000000000 
    1336                0                2.000000000 
    1724                0                2.000000000 
    1939                0                2.000000000 
    2036                0                2.000000000 
    2169                0                2.000000000 
    2174                0                2.000000000 
    2297                0                2.000000000 
    2610                0                2.000000000 
    2966                1                2.000000000             SemiMu                4                     Unmatched                     4                      1.123002648

    3026                0                2.000000000 
    3173                0                2.000000000 
    3588                0                2.000000000 
    4755                0                2.000000000 
    5178                0                2.000000000 
    5213                0                2.000000000 
    5246                1                2.000000000             SemiMu                5                     Unmatched                     5                      1.148412585

    5312                0                2.000000000 
    5332                0                2.000000000 
    5510                0                2.000000000 
    5674                0                2.000000000 
    6013                0                2.000000000 
    6037                0                2.000000000 
    6094                0                2.000000000 
    6229                0                2.000000000 
    6404                1                2.000000000             SemiMu                6                     Unmatched                     6                      0.992347836

    6536                1                2.000000000             SemiMu                7                     Unmatched                     7                      0.994010210

    7355                0                2.000000000 
    7426                0                2.000000000 
    7933                0                2.000000000 
    8252                0                2.000000000 
    8587                0                2.000000000 
    8599                0                2.000000000 
    8661                0                2.000000000 
    9465                0                2.000000000 
    9497                0                2.000000000 
    9813                1                2.000000000             SemiMu                8                     Unmatched                     8                      0.891372144

    9819                0                2.000000000 
    10048               0                2.000000000 
    10271               0                2.000000000 
    10547               0                2.000000000 
    10569               0                2.000000000 
    10860               0                2.000000000 
    11053               0                2.000000000 
    11564               0                2.000000000 
    11884               0                2.000000000 
    11978               0                2.000000000 
    12272               0                2.000000000 
    12327               0                2.000000000 
    12424               0                2.000000000 
    12433               0                2.000000000 
    13196               0                2.000000000 
    13320               1                2.000000000             SemiMu                9                     Unmatched                     9                      0.912070930

    13377               1                2.000000000             SemiMu                10                    Unmatched                     10                     1.006246209

    13524               0                2.000000000 
    13787               0                2.000000000 
    14062               0                2.000000000 
    14180               0                2.000000000 
    14489               1                2.000000000             SemiMu                11                    Unmatched                     11                     0.982719719

    15186               0                2.000000000 
    15893               0                2.000000000 
    15932               1                2.000000000             SemiMu                12                    Unmatched                     12                     1.440367341

    16408               0                2.000000000 
    16476               0                2.000000000 
    17012               1                2.000000000             SemiMu                13                    Unmatched                     13                     0.900185108

    17056               0                2.000000000 
    17080               0                2.000000000 
    17082               0                2.000000000 
    17581               0                2.000000000 
    17838               0                2.000000000 
    18328               0                2.000000000 
    18677               0                2.000000000 
    18726               1                2.000000000             SemiMu                14                    Unmatched                     14                     1.003633618

    20206               0                2.000000000 
    20212               1                2.000000000             SemiMu                15                    Unmatched                     15                     0.403571635

    20437               0                2.000000000 
    20952               0                2.000000000 
    21182               1                2.000000000             SemiMu                16                    Unmatched                     16                     0.373629183

    21200               0                2.000000000 
    21237               0                2.000000000 
    21309               0                2.000000000 
    21407               0                2.000000000 
    21473               0                2.000000000 
    21724               0                2.000000000 
    21942               0                2.000000000 
    22014               0                2.000000000 
    22248               0                2.000000000 
    22628               0                2.000000000 
    22641               1                2.000000000             SemiMu                17                    Unmatched                     17                     1.298796177

    22662               0                2.000000000 
    23029               0                2.000000000 
    23142               0                2.000000000 
    23155               0                2.000000000 
    23209               0                2.000000000 
    23399               0                2.000000000 
    23770               0                2.000000000 
    23814               0                2.000000000 
    24029               0                2.000000000 
    24537               0                2.000000000 
    24627               0                2.000000000 
    24671               0                2.000000000 
    24869               0                2.000000000 
    24874               0                2.000000000 
    25644               1                2.000000000             SemiMu                18                    Unmatched                     18                     0.892221153

    25771               0                2.000000000 
    26507               0                2.000000000 
    26976               0                2.000000000 
    27012               0                2.000000000 
    27328               0                2.000000000 
    27746               0                2.000000000 
    27750               0                2.000000000 
    27959               0                2.000000000 
    28132               1                2.000000000             SemiMu                19                    Unmatched                     19                     0.899539411

    28266               0                2.000000000 
    28476               1                2.000000000             SemiMu                20                    Unmatched                     20                     0.946087897

    28501               0                2.000000000 
    28555               0                2.000000000 
    28574               0                2.000000000 
    29206               0                2.000000000 
    29456               0                2.000000000 
    29777               0                2.000000000 
    29980               0                2.000000000 
    29991               1                2.000000000             SemiMu                21                    Unmatched                     21                     1.045439005

    30081               0                2.000000000 
    30155               0                2.000000000 
    30403               1                2.000000000             SemiMu                22                    Unmatched                     22                     0.992108643

    30725               0                2.000000000 
    31103               0                2.000000000 
    31153               0                2.000000000 
    31240               0                2.000000000 
    31642               0                2.000000000 
    32345               0                2.000000000 
    32437               0                2.000000000 
    32441               0                2.000000000 
    32642               0                2.000000000 
    32832               0                2.000000000 
    33085               0                2.000000000 
    33102               0                2.000000000 
    33207               0                2.000000000 
    33633               0                2.000000000 
    33751               0                2.000000000 
    33827               0                2.000000000 
    33934               0                2.000000000 
    34067               0                2.000000000 
    34172               0                2.000000000 
    34324               0                2.000000000 
    34535               0                2.000000000 
    34599               0                2.000000000 
    35019               0                2.000000000 
    35030               0                2.000000000 
    35184               0                2.000000000 
    35210               0                2.000000000 
    35337               0                2.000000000 
    35429               0                2.000000000 
    35842               0                2.000000000 
    35901               0                2.000000000 
    35939               0                2.000000000 
    35956               0                2.000000000 
    36165               0                2.000000000 
    36968               1                2.000000000             SemiMu                23                    Unmatched                     23                     0.396662325

    37213               0                2.000000000 
    37269               1                2.000000000             SemiMu                24                    Unmatched                     24                     0.893627286

    37558               1                2.000000000             SemiMu                25                    Unmatched                     25                     1.153622270

    37562               1                2.000000000             SemiMu                26                    Unmatched                     26                     0.904979408

    37765               0                2.000000000 
    38460               0                2.000000000 
    38722               0                2.000000000 
    39100               0                2.000000000 
    39544               0                2.000000000 
    40267               0                2.000000000 
    40428               0                2.000000000 
    40464               1                2.000000000             SemiMu                27                    Unmatched                     27                     0.118434690

    40501               0                2.000000000 
    40698               1                2.000000000             SemiMu                28                    Unmatched                     28                     0.702376962

    40895               0                2.000000000 
    41006               0                2.000000000 
    41052               0                2.000000000 
    41400               0                2.000000000 
    41839               0                2.000000000 
    42079               0                2.000000000 
    42268               0                2.000000000 
    42544               0                2.000000000 
    42647               1                2.000000000             SemiMu                29                    Unmatched                     29                     0.871954858

    42902               0                2.000000000 
    42974               0                2.000000000 
    43127               0                2.000000000 
    43149               0                2.000000000 
    44073               0                2.000000000 
    44731               0                2.000000000 
    44769               0                2.000000000 
    45184               0                2.000000000 
    45553               0                2.000000000 
    45708               0                2.000000000 
    45714               0                2.000000000 
    45922               0                2.000000000 
    45960               0                2.000000000 
    46408               0                2.000000000 
    46753               0                2.000000000 
    46866               0                2.000000000 
    47262               0                2.000000000 
    47266               0                2.000000000 
    47504               0                2.000000000 
    47944               0                2.000000000 
    48382               0                2.000000000 
    48412               0                2.000000000 
    48418               0                2.000000000 
    48585               1                2.000000000             SemiMu                30                    Unmatched                     30                     0.864806294

    48648               0                2.000000000 
    49235               0                2.000000000 
    49488               0                2.000000000 
    49815               1                2.000000000             SemiMu                31                    Unmatched                     31                     0.017296016

    49905               0                2.000000000 
    49924               0                2.000000000 
    50237               0                2.000000000 
    50320               0                2.000000000 
    50504               0                2.000000000 
    50546               0                2.000000000 
    50563               0                2.000000000 
    50942               0                2.000000000 
    51060               0                2.000000000 
    51322               0                2.000000000 
    51688               1                2.000000000             SemiMu                32                    Unmatched                     32                     1.314184070

    51805               0                2.000000000 
    51825               0                2.000000000 
    51939               0                2.000000000 
    51998               0                2.000000000 
    52831               0                2.000000000 
    53015               0                2.000000000 
    53157               0                2.000000000 
    53742               0                2.000000000 
    53971               1                2.000000000             SemiMu                33                    Unmatched                     33                     0.006216978

    54056               0                2.000000000 
    54106               0                2.000000000 
    54218               1                2.000000000             SemiMu                34                    Unmatched                     34                     0.896750093

    54891               0                2.000000000 
    55076               1                2.000000000             SemiMu                35                    Unmatched                     35                     0.370668739

    55397               0                2.000000000 
    55431               0                2.000000000 
    55601               0                2.000000000 
    55826               0                2.000000000 
    55877               0                2.000000000 
    56356               0                2.000000000 
    56743               0                2.000000000 
    56933               0                2.000000000 
    57201               0                2.000000000 
    57317               0                2.000000000 
    57325               0                2.000000000 
    57435               0                2.000000000 
    57454               0                2.000000000 
    57457               0                2.000000000 
    57512               0                2.000000000 
    57616               0                2.000000000 
    58129               0                2.000000000 
    58470               0                2.000000000 
    58478               0                2.000000000 
    59145               0                2.000000000 
    59377               0                2.000000000 
    59738               0                2.000000000 
    59979               0                2.000000000 
    59984               0                2.000000000 
    60279               0                2.000000000 
    60679               1                2.000000000             SemiMu                36                    Unmatched                     36                     0.941274524

    61075               0                2.000000000 
    61132               0                2.000000000 
    61495               0                2.000000000 
    61723               0                2.000000000 
    62116               1                2.000000000             SemiMu                37                    Unmatched                     37                     1.289886832

    62430               1                2.000000000             SemiMu                38                    Unmatched                     38                     0.075985089

    62583               0                2.000000000 
    62859               1                2.000000000             SemiMu                39                    Unmatched                     39                     0.118938386

    62864               1                2.000000000             SemiMu                40                    Unmatched                     40                     0.601604760

    62905               0                2.000000000 
    62986               0                2.000000000 
    63048               0                2.000000000 
    63158               0                2.000000000 
    63407               0                2.000000000 
    63470               0                2.000000000 
    64097               0                2.000000000 
    64239               0                2.000000000 
    64391               0                2.000000000 
    65278               0                2.000000000 
    65417               1                2.000000000             SemiMu                41                    Unmatched                     41                     0.941614270

    65595               0                2.000000000 
    65608               0                2.000000000 
    65646               0                2.000000000 
    65741               0                2.000000000 
    65764               0                2.000000000 
    65804               1                2.000000000             SemiMu                42                    Unmatched                     42                     0.032475293

    65872               0                2.000000000 
    66114               0                2.000000000 
    66269               1                2.000000000             SemiMu                43                    Unmatched                     43                     0.902877808

    66660               0                2.000000000 
    66690               0                2.000000000 
    66723               0                2.000000000 
    67226               1                2.000000000             SemiMu                44                    Unmatched                     44                     0.010451021

    67482               0                2.000000000 
    67881               0                2.000000000 
    68245               0                2.000000000 
    68251               0                2.000000000 
    68456               0                2.000000000 
    68585               0                2.000000000 
    68658               0                2.000000000 
    68885               0                2.000000000 
    69225               0                2.000000000 
    69239               0                2.000000000 
    69294               1                2.000000000             SemiMu                45                    Unmatched                     45                     0.927619636

    69618               0                2.000000000 
    69725               0                2.000000000 
    69857               0                2.000000000 
    69867               0                2.000000000 
    69896               0                2.000000000 
    69974               0                2.000000000 
    70001               0                2.000000000 
    70164               0                2.000000000 
    70251               0                2.000000000 
    70471               1                2.000000000             SemiMu                46                    Unmatched                     46                     1.015187860

    70488               0                2.000000000 
    70532               0                2.000000000 
    70747               1                2.000000000             SemiMu                47                    Unmatched                     47                     0.319908828

    70931               1                2.000000000             SemiMu                48                    Unmatched                     48                     1.020779610

    71579               0                2.000000000 
    71629               0                2.000000000 
    71750               1                2.000000000             SemiMu                49                    Unmatched                     49                     0.994096279

    71782               0                2.000000000 
    72226               0                2.000000000 
    72277               0                2.000000000 
    72746               0                2.000000000 
    72874               0                2.000000000 
    73016               1                2.000000000             SemiMu                50                    Unmatched                     50                     0.932733297

    73065               0                2.000000000 
    73196               1                2.000000000             SemiMu                51                    Unmatched                     51                     0.875035882

    73230               0                2.000000000 
    74011               0                2.000000000 
    74017               0                2.000000000 
    74195               0                2.000000000 
    74436               1                2.000000000             SemiMu                52                    Unmatched                     52                     0.904262125

    74451               0                2.000000000 
    74593               0                2.000000000 
    74902               0                2.000000000 
    75139               0                2.000000000 
    75749               0                2.000000000 
    76054               0                2.000000000 
    76069               0                2.000000000 
    76230               1                2.000000000             SemiMu                53                    Unmatched                     53                     1.302086234

    76484               1                2.000000000             SemiMu                54                    Unmatched                     54                     0.500810325

    76496               1                2.000000000             SemiMu                55                    Unmatched                     55                     0.978191853

    76504               0                2.000000000 
    76590               1                2.000000000             SemiMu                56                    Unmatched                     56                     0.873026133

    76782               0                2.000000000 
    77039               0                2.000000000 
    77287               0                2.000000000 
    77743               0                2.000000000 
    77928               1                2.000000000             SemiMu                57                    Unmatched                     57                     0.973043501

    78155               1                2.000000000             SemiMu                58                    Unmatched                     58                     0.858461678

    78584               1                2.000000000             SemiMu                59                    Unmatched                     59                     0.991334438

    78595               0                2.000000000 
    78680               0                2.000000000 
    79291               0                2.000000000 
    79457               0                2.000000000 
    79816               0                2.000000000 
    80146               0                2.000000000 
    80295               0                2.000000000 
    80520               0                2.000000000 
    80712               0                2.000000000 
    80839               0                2.000000000 
    81024               0                2.000000000 
    81061               0                2.000000000 
    81229               0                2.000000000 
    81313               0                2.000000000 
    81327               0                2.000000000 
    81713               0                2.000000000 
    81730               0                2.000000000 
    82075               0                2.000000000 
    82230               0                2.000000000 
    82463               0                2.000000000 
    82515               0                2.000000000 
    82612               0                2.000000000 
    82756               0                2.000000000 
    82816               1                2.000000000             SemiMu                60                    Unmatched                     60                     0.991992176

    82821               0                2.000000000 
    82958               0                2.000000000 
    83053               0                2.000000000 
    83292               0                2.000000000 
    83553               0                2.000000000 
    83637               0                2.000000000 
    83767               1                2.000000000             SemiMu                61                    Unmatched                     61                     0.956982434

    84568               0                2.000000000 
    84860               1                2.000000000             SemiMu                62                    Unmatched                     62                     0.003726785

    85085               0                2.000000000 
    85158               0                2.000000000 
    85236               0                2.000000000 
    85499               0                2.000000000 
    85702               0                2.000000000 
    85814               0                2.000000000 
    85846               0                2.000000000 
    86047               0                2.000000000 
    86142               0                2.000000000 
    86184               0                2.000000000 
    86755               0                2.000000000 
    86798               0                2.000000000 
    86856               0                2.000000000 
    86928               0                2.000000000 
    87515               0                2.000000000 
    87576               0                2.000000000 
    87621               1                2.000000000             SemiMu                63                    Unmatched                     63                     0.876666248

    87933               1                2.000000000             SemiMu                64                    Unmatched                     64                     0.030059436

    88034               0                2.000000000 
    88536               0                2.000000000 
    88866               0                2.000000000 
    88958               0                2.000000000 
    89098               0                2.000000000 
    89117               0                2.000000000 
    89242               0                2.000000000 
    89300               0                2.000000000 
    89433               0                2.000000000 
    89581               1                2.000000000             SemiMu                65                    Unmatched                     65                     0.991996586

    89985               0                2.000000000 
    90344               0                2.000000000 
    90559               0                2.000000000 
    90669               0                2.000000000 
    91005               0                2.000000000 
    91320               0                2.000000000 
    91437               0                2.000000000 
    91781               0                2.000000000 
    91997               0                2.000000000 
    92255               0                2.000000000 
    92826               0                2.000000000 
    92923               0                2.000000000 
    93102               1                2.000000000             SemiMu                66                    Unmatched                     66                     0.933301687

    93256               0                2.000000000 
    93520               0                2.000000000 
    93560               0                2.000000000 
    93593               1                2.000000000             SemiMu                67                    Unmatched                     67                     0.487042546

    94135               0                2.000000000 
    94255               0                2.000000000 
    94404               1                2.000000000             SemiMu                68                    Unmatched                     68                     0.874347150

    94565               0                2.000000000 
    94737               0                2.000000000 
    94984               0                2.000000000 
    95024               0                2.000000000 
    95203               0                2.000000000 
    95499               0                2.000000000 
    95752               0                2.000000000 
    95869               0                2.000000000 
    96003               1                2.000000000             SemiMu                69                    Unmatched                     69                     0.897478223

    96014               0                2.000000000 
    96374               0                2.000000000 
    96908               0                2.000000000 
    96942               0                2.000000000 
    96983               0                2.000000000 
    96984               0                2.000000000 
    97349               0                2.000000000 
    97614               0                2.000000000 
    97802               0                2.000000000 
    97882               0                2.000000000 
    97954               0                2.000000000 
    98031               0                2.000000000 
    98044               0                2.000000000 
    98060               0                2.000000000 
    98262               0                2.000000000 
    98557               0                2.000000000 
    98831               0                2.000000000 
    99534               0                2.000000000 
    99563               0                2.000000000 
    99624               0                2.000000000 
    99848               1                2.000000000             SemiMu                70                    Unmatched                     70                     0.967443347

    99959               0                2.000000000 
    100382              0                2.000000000 
    100401              1                2.000000000             SemiMu                71                    Unmatched                     71                     0.490601510

    100412              0                2.000000000 
    100483              0                2.000000000 
    100750              0                2.000000000 
    100759              1                2.000000000             SemiMu                72                    Unmatched                     72                     0.889846206

    100832              1                2.000000000             SemiMu                73                    Unmatched                     73                     0.972270727

    100944              0                2.000000000 
    101221              0                2.000000000 
    101312              0                2.000000000 
    101371              1                2.000000000             SemiMu                74                    Unmatched                     74                     0.968813539

    102020              1                2.000000000             SemiMu                75                    Unmatched                     75                     1.081005573

    102179              0                2.000000000 
    102367              0                2.000000000 
    102705              0                2.000000000 
    103044              0                2.000000000 
    103767              0                2.000000000 
    103907              0                2.000000000 
    103923              0                2.000000000 
    103964              0                2.000000000 
    103994              0                2.000000000 
    104135              0                2.000000000 
    104419              0                2.000000000 
    105266              0                2.000000000 
    105339              0                2.000000000 
    105374              0                2.000000000 
    105663              0                2.000000000 
    105679              1                2.000000000             SemiMu                76                    Unmatched                     76                     0.540153146

    105695              1                2.000000000             SemiMu                77                    Unmatched                     77                     0.931695402

    105801              0                2.000000000 
    106202              0                2.000000000 
    106219              0                2.000000000 
    106369              1                2.000000000             SemiMu                78                    Unmatched                     78                     0.961824596

    106902              1                2.000000000             SemiMu                79                    Unmatched                     79                     0.994182110

    106920              0                2.000000000 
    107125              0                2.000000000 
    107155              0                2.000000000 
    107414              1                2.000000000             SemiMu                80                    Unmatched                     80                     0.973345041

    107758              0                2.000000000 
    107839              0                2.000000000 
    108105              0                2.000000000 
    108121              0                2.000000000 
    108382              0                2.000000000 
    108564              0                2.000000000 
    108846              0                2.000000000 
    109098              0                2.000000000 
    109365              0                2.000000000 
    109935              0                2.000000000 
    110047              1                2.000000000             SemiMu                81                    Unmatched                     81                     0.826968610

    110569              0                2.000000000 
    110608              0                2.000000000 
    110953              1                2.000000000             SemiMu                82                    Unmatched                     82                     1.414251804

    111505              0                2.000000000 
    111659              0                2.000000000 
    111877              0                2.000000000 
    111936              0                2.000000000 
    112000              0                2.000000000 
    112416              0                2.000000000 
    112978              0                2.000000000 
    113257              0                2.000000000 
    113320              1                2.000000000             SemiMu                83                    Unmatched                     83                     0.608933210

    113435              0                2.000000000 
    113599              0                2.000000000 
    113676              0                2.000000000 
    113678              0                2.000000000 
    114084              0                2.000000000 
    114167              0                2.000000000 
    114417              0                2.000000000 
    114430              0                2.000000000 
    114612              0                2.000000000 
    114642              0                2.000000000 
    114746              0                2.000000000 
    114930              0                2.000000000 
    115308              0                2.000000000 
    115326              1                2.000000000             SemiMu                84                    Unmatched                     84                     0.250274718

    115426              1                2.000000000             SemiMu                85                    Unmatched                     85                     0.879639864

    115600              0                2.000000000 
    115629              0                2.000000000 
    115633              0                2.000000000 
    115717              0                2.000000000 
    115745              0                2.000000000 
    115810              0                2.000000000 
    115924              0                2.000000000 
    116041              0                2.000000000 
    116502              0                2.000000000 
    116546              1                2.000000000             SemiMu                86                    Unmatched                     86                     0.048772980

    116859              0                2.000000000 
    116875              0                2.000000000 
    116938              0                2.000000000 
    116968              0                2.000000000 
    117253              0                2.000000000 
    117269              0                2.000000000 
    117969              1                2.000000000             SemiMu                87                    Unmatched                     87                     0.794818461

    118157              1                2.000000000             SemiMu                88                    Unmatched                     88                     0.855423391

    118195              0                2.000000000 
    118427              0                2.000000000 
    118487              0                2.000000000 
    118600              0                2.000000000 
    118628              0                2.000000000 
    118629              0                2.000000000 
    119503              0                2.000000000 
    119657              0                2.000000000 
    119674              0                2.000000000 
    120161              1                2.000000000             SemiMu                89                    Unmatched                     89                     0.601640344

    120392              0                2.000000000 
    120486              0                2.000000000 
    120658              0                2.000000000 
    120726              0                2.000000000 
    120931              0                2.000000000 
    121208              0                2.000000000 
    121389              0                2.000000000 
    121394              1                2.000000000             SemiMu                90                    Unmatched                     90                     0.903293431

    121719              0                2.000000000 
    122115              1                2.000000000             SemiMu                91                    Unmatched                     91                     0.278175682

    122218              1                2.000000000             SemiMu                92                    Unmatched                     92                     1.015954018

    122243              0                2.000000000 
    122428              1                2.000000000             SemiMu                93                    Unmatched                     93                     0.921062231

    122430              0                2.000000000 
    122609              1                2.000000000             SemiMu                94                    Unmatched                     94                     1.403833747

    122660              0                2.000000000 
    122692              0                2.000000000 
    122714              1                2.000000000             SemiMu                95                    Unmatched                     95                     1.356115103

    122729              0                2.000000000 
    122730              0                2.000000000 
    123168              0                2.000000000 
    123435              0                2.000000000 
    123623              1                2.000000000             SemiMu                96                    Unmatched                     96                     1.299025297

    123714              1                2.000000000             SemiMu                97                    Unmatched                     97                     0.229133055

    123720              0                2.000000000 
    123867              0                2.000000000 
    123997              0                2.000000000 
    124077              0                2.000000000 
    124246              0                2.000000000 
    124277              0                2.000000000 
    124697              0                2.000000000 
    124718              0                2.000000000 
    125025              0                2.000000000 
    125069              0                2.000000000 
    125139              0                2.000000000 
    125146              0                2.000000000 
    125227              0                2.000000000 
    125515              0                2.000000000 
    125772              0                2.000000000 
    126198              1                2.000000000             SemiMu                98                    Unmatched                     98                     0.970065176

    126638              0                2.000000000 
    126982              0                2.000000000 
    127390              1                2.000000000             SemiMu                99                    Unmatched                     99                     0.590995073

    127396              0                2.000000000 
    127833              0                2.000000000 
    128294              0                2.000000000 
    128302              0                2.000000000 
    128757              0                2.000000000 
    128788              0                2.000000000 
    128947              0                2.000000000 
    128994              0                2.000000000 
    129284              0                2.000000000 
    129887              0                2.000000000 
    130086              0                2.000000000 
    130412              0                2.000000000 
    130651              1                2.000000000             SemiMu                100                   Unmatched                     100                    0.950901031

    130708              0                2.000000000 
    130941              1                2.000000000             SemiMu                101                   Unmatched                     101                    0.961223602

    131190              0                2.000000000 
    131342              0                2.000000000 
    131553              0                2.000000000 
    131862              1                2.000000000             SemiMu                102                   Unmatched                     102                    0.993399918

    132045              0                2.000000000 
    132376              0                2.000000000 
    132438              1                2.000000000             SemiMu                103                   Unmatched                     103                    0.866901994

    132453              1                2.000000000             SemiMu                104                   Unmatched                     104                    0.903698027

    132481              0                2.000000000 
    132715              0                2.000000000 
    132781              0                2.000000000 
    133697              0                2.000000000 
    133732              1                2.000000000             SemiMu                105                   Unmatched                     105                    0.977790177

    133813              0                2.000000000 
    133898              0                2.000000000 
    134018              0                2.000000000 
    134089              0                2.000000000 
    134175              1                2.000000000             SemiMu                106                   Unmatched                     106                    0.960926414

    134190              1                2.000000000             SemiMu                107                   Unmatched                     107                    0.076114237

    134196              0                2.000000000 
    134313              1                2.000000000             SemiMu                108                   Unmatched                     108                    0.890363574

    134778              0                2.000000000 
    134922              0                2.000000000 
    134954              0                2.000000000 
    135007              0                2.000000000 
    135083              1                2.000000000             SemiMu                109                   Unmatched                     109                    0.702142775

    135122              0                2.000000000 
    135623              0                2.000000000 
    135904              1                2.000000000             SemiMu                110                   Unmatched                     110                    0.918898404

    135923              0                2.000000000 
    135939              0                2.000000000 
    136004              1                2.000000000             SemiMu                111                   Unmatched                     111                    0.930720985

    136088              0                2.000000000 
    136299              0                2.000000000 
    136306              0                2.000000000 
    136464              0                2.000000000 
    136470              1                2.000000000             SemiMu                112                   Unmatched                     112                    0.940231085

    137339              0                2.000000000 
    137425              0                2.000000000 
    138004              0                2.000000000 
    138226              0                2.000000000 
    138508              0                2.000000000 
    138775              0                2.000000000 
    138828              0                2.000000000 
    138983              0                2.000000000 
    139201              0                2.000000000 
    139610              0                2.000000000 
    140107              0                2.000000000 
    140296              0                2.000000000 
    140752              1                2.000000000             SemiMu                113                   Unmatched                     113                    0.928942978

    140993              0                2.000000000 
    141056              0                2.000000000 
    141080              1                2.000000000             SemiMu                114                   Unmatched                     114                    0.314517677

    141429              0                2.000000000 
    141463              0                2.000000000 
    141863              0                2.000000000 
    141898              0                2.000000000 
    142576              0                2.000000000 
    142833              0                2.000000000 
    142851              0                2.000000000 
    142942              1                2.000000000             SemiMu                115                   Unmatched                     115                    0.503477097

    143052              0                2.000000000 
    143433              0                2.000000000 
    143442              0                2.000000000 
    143455              0                2.000000000 
    143661              0                2.000000000 
    144461              0                2.000000000 
    144792              0                2.000000000 
    145679              0                2.000000000 
    145847              0                2.000000000 
    145881              0                2.000000000 
    145963              1                2.000000000             SemiMu                116                   Unmatched                     116                    0.877295077

    146162              0                2.000000000 
    146298              1                2.000000000             SemiMu                117                   Unmatched                     117                    0.808815777

    146648              0                2.000000000 
    146732              0                2.000000000 
    146879              0                2.000000000 
    147009              0                2.000000000 
    147668              0                2.000000000 
    147723              0                2.000000000 
    147818              1                2.000000000             SemiMu                118                   Unmatched                     118                    1.102032423

    147854              0                2.000000000 
    148016              0                2.000000000 
    148227              1                2.000000000             SemiMu                119                   Unmatched                     119                    0.805302501

    148597              0                2.000000000 
    149509              0                2.000000000 
    149735              1                2.000000000             SemiMu                120                   Unmatched                     120                    1.405657768

    149848              0                2.000000000 
    149914              0                2.000000000 
    150466              1                2.000000000             SemiMu                121                   Unmatched                     121                    0.993895531

    150725              0                2.000000000 
    150734              1                2.000000000             SemiMu                122                   Unmatched                     122                    0.940820694

    150925              0                2.000000000 
    151582              0                2.000000000 
    151933              1                2.000000000             SemiMu                123                   Unmatched                     123                    0.406093955

    152040              0                2.000000000 
    152236              0                2.000000000 
    152344              0                2.000000000 
    152541              0                2.000000000 
    152884              0                2.000000000 
    152893              1                2.000000000             SemiMu                124                   Unmatched                     124                    0.806895733

    152922              0                2.000000000 
    153078              0                2.000000000 
    153156              0                2.000000000 
    153166              1                2.000000000             SemiMu                125                   Unmatched                     125                    1.068599939

    153173              0                2.000000000 
    153258              1                2.000000000             SemiMu                126                   Unmatched                     126                    0.491097122

    153326              0                2.000000000 
    153350              0                2.000000000 
    153566              0                2.000000000 
    153628              1                2.000000000             SemiMu                127                   Unmatched                     127                    1.111814141

    153865              0                2.000000000 
    153890              0                2.000000000 
    154117              0                2.000000000 
    154180              1                2.000000000             SemiMu                128                   Unmatched                     128                    0.961934447

    154262              1                2.000000000             SemiMu                129                   Unmatched                     129                    0.926569581

    154853              0                2.000000000 
    155602              0                2.000000000 
    155638              0                2.000000000 
    156036              0                2.000000000 
    156051              0                2.000000000 
    156122              1                2.000000000             SemiMu                130                   Unmatched                     130                    0.699021935

    156355              0                2.000000000 
    156400              1                2.000000000             SemiMu                131                   Unmatched                     131                    0.971615851

    156596              0                2.000000000 
    156599              0                2.000000000 
    156608              0                2.000000000 
    156957              0                2.000000000 
    157091              0                2.000000000 
    157478              0                2.000000000 
    157503              0                2.000000000 
    157837              0                2.000000000 
    158236              0                2.000000000 
    158440              0                2.000000000 
    158602              1                2.000000000             SemiMu                132                   Unmatched                     132                    0.995880663

    160164              0                2.000000000 
    160196              0                2.000000000 
    160528              0                2.000000000 
    160716              0                2.000000000 
    161318              0                2.000000000 
    161536              0                2.000000000 
    161657              0                2.000000000 
    161914              0                2.000000000 
    162446              0                2.000000000 
    162447              0                2.000000000 
    162554              0                2.000000000 
    163021              0                2.000000000 
    163317              1                2.000000000             SemiMu                133                   Unmatched                     133                    0.864579618

    163443              0                2.000000000 
    163732              0                2.000000000 
    163781              0                2.000000000 
    164148              0                2.000000000 
    164260              0                2.000000000 
    164301              0                2.000000000 
    164439              1                2.000000000             SemiMu                134                   Unmatched                     134                    1.427000880

    164816              0                2.000000000 
    165076              0                2.000000000 
    165607              0                2.000000000 
    165666              0                2.000000000 
    165687              1                2.000000000             SemiMu                135                   Unmatched                     135                    0.949196279

    165691              0                2.000000000 
    165928              0                2.000000000 
    166186              0                2.000000000 
    166326              0                2.000000000 
    166492              0                2.000000000 
    166515              0                2.000000000 
    166594              0                2.000000000 
    166676              0                2.000000000 
    167150              1                2.000000000             SemiMu                136                   Unmatched                     136                    0.497848243

    167309              0                2.000000000 
    167403              0                2.000000000 
    167488              0                2.000000000 
    167974              0                2.000000000 
    168051              0                2.000000000 
    168108              0                2.000000000 
    168386              0                2.000000000 
    168563              0                2.000000000 
    168907              1                2.000000000             SemiMu                137                   Unmatched                     137                    0.991654158

    169950              0                2.000000000 
    169966              0                2.000000000 
    169998              1                2.000000000             SemiMu                138                   Unmatched                     138                    0.050084900

    170064              1                2.000000000             SemiMu                139                   Unmatched                     139                    1.407761931

    170885              0                2.000000000 
    171036              1                2.000000000             SemiMu                140                   Unmatched                     140                    0.991582036

    171263              0                2.000000000 
    171336              0                2.000000000 
    171442              0                2.000000000 
    171743              0                2.000000000 
    171869              0                2.000000000 
    172019              0                2.000000000 
    172210              0                2.000000000 
    172239              0                2.000000000 
    172355              1                2.000000000             SemiMu                141                   Unmatched                     141                    0.991404772

    173441              0                2.000000000 
    173834              0                2.000000000 
    173890              0                2.000000000 
    174124              0                2.000000000 
    174306              0                2.000000000 
    174380              0                2.000000000 
    174556              0                2.000000000 
    174698              0                2.000000000 
    174862              0                2.000000000 
    175111              0                2.000000000 
    175285              1                2.000000000             SemiMu                142                   Unmatched                     142                    1.299546957

    175363              0                2.000000000 
    175380              0                2.000000000 
    175598              0                2.000000000 
    176031              0                2.000000000 
    176070              0                2.000000000 
    176692              0                2.000000000 
    176880              0                2.000000000 
    177080              0                2.000000000 
    177292              0                2.000000000 
    177385              0                2.000000000 
    177441              1                2.000000000             SemiMu                143                   Unmatched                     143                    0.983011603

    177627              0                2.000000000 
    177758              0                2.000000000 
    177983              0                2.000000000 
    178166              0                2.000000000 
    178234              0                2.000000000 
    178354              0                2.000000000 
    178446              0                2.000000000 
    178593              0                2.000000000 
    178766              0                2.000000000 
    178773              0                2.000000000 
    178862              0                2.000000000 
    179082              0                2.000000000 
    179320              0                2.000000000 
    179330              0                2.000000000 
    179656              0                2.000000000 
    179702              0                2.000000000 
    180050              0                2.000000000 
    180334              0                2.000000000 
    180413              0                2.000000000 
    180591              0                2.000000000 
    180592              0                2.000000000 
    180602              1                2.000000000             SemiMu                144                   Unmatched                     144                    0.870868087

    180735              1                2.000000000             SemiMu                145                   Unmatched                     145                    0.791976690

    180947              0                2.000000000 
    181201              0                2.000000000 
    181415              0                2.000000000 
    181664              0                2.000000000 
    181719              0                2.000000000 
    181828              0                2.000000000 
    181850              0                2.000000000 
    181929              0                2.000000000 
    182163              0                2.000000000 
    182896              0                2.000000000 
    183100              0                2.000000000 
    183162              0                2.000000000 
    183237              0                2.000000000 
    183457              0                2.000000000 
    183775              0                2.000000000 
    184099              0                2.000000000 
    184105              0                2.000000000 
    184401              0                2.000000000 
    184415              0                2.000000000 
    184591              0                2.000000000 
    184632              0                2.000000000 
    185233              0                2.000000000 
    185455              0                2.000000000 
    185843              0                2.000000000 
    185874              1                2.000000000             SemiMu                146                   Unmatched                     146                    0.891738415

    185995              0                2.000000000 
    186102              0                2.000000000 
    186393              0                2.000000000 
    186416              0                2.000000000 
    186422              0                2.000000000 
    186447              0                2.000000000 
    186716              0                2.000000000 
    186859              0                2.000000000 
    187403              0                2.000000000 
    187440              0                2.000000000 
    187496              0                2.000000000 
    187498              0                2.000000000 
    188879              0                2.000000000 
    188949              0                2.000000000 
    189542              0                2.000000000 
    190022              0                2.000000000 
    190043              0                2.000000000 
    190438              1                2.000000000             SemiMu                147                   Unmatched                     147                    0.927260637

    190447              0                2.000000000 
    190901              0                2.000000000 
    191186              0                2.000000000 
    191314              0                2.000000000 
    191344              0                2.000000000 
    191811              0                2.000000000 
    191928              0                2.000000000 
    192161              0                2.000000000 
    192249              0                2.000000000 
    192379              0                2.000000000 
    192390              0                2.000000000 
    192695              0                2.000000000 
    193120              0                2.000000000 
    193195              0                2.000000000 
    193503              0                2.000000000 
    193754              0                2.000000000 
    193880              0                2.000000000 
    194408              0                2.000000000 
    194675              0                2.000000000 
    194757              0                2.000000000 
    195939              1                2.000000000             SemiMu                148                   Unmatched                     148                    0.877505302

    196285              0                2.000000000 
    196306              0                2.000000000 
    196480              0                2.000000000 
    196779              1                2.000000000             SemiMu                149                   Unmatched                     149                    0.399832696

    197375              0                2.000000000 
    197726              0                2.000000000 
    197869              0                2.000000000 
    198042              0                2.000000000 
    198111              0                2.000000000 
    198479              0                2.000000000 
    198486              0                2.000000000 
    198888              1                2.000000000             SemiMu                150                   Unmatched                     150                    0.873382628

    198911              0                2.000000000 
    199267              0                2.000000000 
    199476              0                2.000000000 
    199704              0                2.000000000 
    199706              0                2.000000000 
    199779              0                2.000000000 
    199976              1                2.000000000             SemiMu                151                   Unmatched                     151                    0.077167146

    200499              0                2.000000000 
    201164              0                2.000000000 
    201281              0                2.000000000 
    201448              0                2.000000000 
    201619              0                2.000000000 
    201751              0                2.000000000 
    201804              0                2.000000000 
    201933              0                2.000000000 
    202499              0                2.000000000 
    202939              0                2.000000000 
    203074              0                2.000000000 
    203276              0                2.000000000 
    203469              1                2.000000000             SemiMu                152                   Unmatched                     152                    0.984172463

    203890              0                2.000000000 
    203958              0                2.000000000 
    204166              0                2.000000000 
    204324              0                2.000000000 
    204474              0                2.000000000 
    204512              0                2.000000000 
    205318              0                2.000000000 
    205420              0                2.000000000 
    205452              0                2.000000000 
    205759              0                2.000000000 
    205952              0                2.000000000 
    206370              1                2.000000000             SemiMu                153                   Unmatched                     153                    0.784231544

    206557              0                2.000000000 
    207024              0                2.000000000 
    207183              0                2.000000000 
    207375              1                2.000000000             SemiMu                154                   Unmatched                     154                    0.990663946

    207654              0                2.000000000 
    207677              0                2.000000000 
    207833              0                2.000000000 
    208024              0                2.000000000 
    208233              0                2.000000000 
    208339              0                2.000000000 
    208441              0                2.000000000 
    208577              1                2.000000000             SemiMu                155                   Unmatched                     155                    0.929005623

    208690              0                2.000000000 
    208893              1                2.000000000             SemiMu                156                   Unmatched                     156                    0.965061843

    208954              0                2.000000000 
    209353              1                2.000000000             SemiMu                157                   Unmatched                     157                    0.902158141

    209460              0                2.000000000 
    209605              0                2.000000000 
    209676              1                2.000000000             SemiMu                158                   Unmatched                     158                    0.992462397

    209699              0                2.000000000 
    210512              0                2.000000000 
    210636              0                2.000000000 
    210777              0                2.000000000 
    211662              0                2.000000000 
    211680              0                2.000000000 
    211732              0                2.000000000 
    211976              0                2.000000000 