  Event Nr     Extra cuts survived      Gen cos theta*        Main lhco file      MW Number (main)      TTbar splitting lhco file      MW Number (splitting)    MC scale factor

    12                  0                2.000000000 
    364                 0                2.000000000 
    483                 0                2.000000000 
    974                 0                2.000000000 
    1461                0                2.000000000 
    1516                0                2.000000000 
    2073                0                2.000000000 
    2216                1                2.000000000             SemiMu                1                     Unmatched                     1                      0.984851062

    2380                0                2.000000000 
    2497                1                2.000000000             SemiMu                2                     Unmatched                     2                      1.211378694

    2634                0                2.000000000 
    3121                0                2.000000000 
    3944                0                2.000000000 
    4819                1                2.000000000             SemiMu                3                     Unmatched                     3                      1.003438234

    4837                0                2.000000000 
    4982                0                2.000000000 
    4994                0                2.000000000 
    5007                0                2.000000000 
    5332                0                2.000000000 
    5571                0                2.000000000 
    6581                1                2.000000000             SemiMu                4                     Unmatched                     4                      0.971220315

    6660                1                2.000000000             SemiMu                5                     Unmatched                     5                      0.889843762

    6876                0                2.000000000 
    6995                0                2.000000000 
    7189                0                2.000000000 
    7770                1                2.000000000             SemiMu                6                     Unmatched                     6                      1.454276562

    7776                0                2.000000000 
    8078                0                2.000000000 
    8303                0                2.000000000 
    8384                1                2.000000000             SemiMu                7                     Unmatched                     7                      0.942483187

    8853                0                2.000000000 
    9068                1                2.000000000             SemiMu                8                     Unmatched                     8                      0.901797056

    9694                0                2.000000000 
    10555               0                2.000000000 
    10718               1                2.000000000             SemiMu                9                     Unmatched                     9                      0.118936785

    10811               0                2.000000000 
    10998               0                2.000000000 
    11165               0                2.000000000 
    11656               0                2.000000000 
    11949               0                2.000000000 
    12217               0                2.000000000 
    12427               0                2.000000000 
    12582               0                2.000000000 
    13118               0                2.000000000 
    13156               0                2.000000000 
    13362               0                2.000000000 
    13907               0                2.000000000 
    14212               0                2.000000000 
    14216               1                2.000000000             SemiMu                10                    Unmatched                     10                     0.237688273

    14626               1                2.000000000             SemiMu                11                    Unmatched                     11                     0.947267950

    14663               0                2.000000000 
    14962               0                2.000000000 
    15630               0                2.000000000 
    16374               0                2.000000000 
    16794               0                2.000000000 
    16891               0                2.000000000 
    17150               1                2.000000000             SemiMu                12                    Unmatched                     12                     1.001349807

    17316               0                2.000000000 
    17543               0                2.000000000 
    17545               1                2.000000000             SemiMu                13                    Unmatched                     13                     0.983543336

    17827               0                2.000000000 
    17834               0                2.000000000 
    17864               0                2.000000000 
    18133               0                2.000000000 
    18232               0                2.000000000 
    18414               1                2.000000000             SemiMu                14                    Unmatched                     14                     0.346380204

    19028               0                2.000000000 
    19625               0                2.000000000 
    20036               1                2.000000000             SemiMu                15                    Unmatched                     15                     0.893710315

    20597               1                2.000000000             SemiMu                16                    Unmatched                     16                     0.919037819

    20782               0                2.000000000 
    21182               1                2.000000000             SemiMu                17                    Unmatched                     17                     0.972956955

    21582               0                2.000000000 
    22258               0                2.000000000 
    23111               0                2.000000000 
    23251               0                2.000000000 
    23338               0                2.000000000 
    24027               0                2.000000000 
    24034               0                2.000000000 
    24154               1                2.000000000             SemiMu                18                    Unmatched                     18                     0.644856036

    24474               0                2.000000000 
    24564               0                2.000000000 
    24625               0                2.000000000 
    24792               0                2.000000000 
    24914               1                2.000000000             SemiMu                19                    Unmatched                     19                     1.043655872

    25092               0                2.000000000 
    25162               1                2.000000000             SemiMu                20                    Unmatched                     20                     0.892278612

    25324               0                2.000000000 
    25337               1                2.000000000             SemiMu                21                    Unmatched                     21                     1.123070359

    25514               0                2.000000000 
    26055               0                2.000000000 
    26394               1                2.000000000             SemiMu                22                    Unmatched                     22                     0.964174867

    26485               0                2.000000000 
    26797               0                2.000000000 
    27363               0                2.000000000 
    27519               0                2.000000000 
    27708               0                2.000000000 
    27829               0                2.000000000 
    28228               0                2.000000000 
    28815               0                2.000000000 
    28866               0                2.000000000 
    29061               0                2.000000000 
    29244               0                2.000000000 
    29591               0                2.000000000 
    29674               0                2.000000000 
    29823               0                2.000000000 
    30266               0                2.000000000 
    30452               0                2.000000000 
    30674               0                2.000000000 
    30744               0                2.000000000 
    31152               1                2.000000000             SemiMu                23                    Unmatched                     23                     1.148800373

    31679               0                2.000000000 
    32320               1                2.000000000             SemiMu                24                    Unmatched                     24                     0.964321017

    32566               0                2.000000000 
    32945               0                2.000000000 
    33235               0                2.000000000 
    33303               0                2.000000000 
    33484               0                2.000000000 
    33654               0                2.000000000 
    33761               0                2.000000000 
    33880               0                2.000000000 
    34236               0                2.000000000 
    34450               0                2.000000000 
    34724               0                2.000000000 
    34752               0                2.000000000 
    34942               1                2.000000000             SemiMu                25                    Unmatched                     25                     1.146747708

    35133               0                2.000000000 
    35267               1                2.000000000             SemiMu                26                    Unmatched                     26                     1.097112894

    35421               0                2.000000000 
    36180               0                2.000000000 
    36530               0                2.000000000 
    36544               0                2.000000000 
    36721               0                2.000000000 
    37028               1                2.000000000             SemiMu                27                    Unmatched                     27                     0.496768832

    37687               0                2.000000000 
    37772               0                2.000000000 
    38081               0                2.000000000 
    38171               0                2.000000000 
    38729               0                2.000000000 
    38760               0                2.000000000 
    39205               0                2.000000000 
    39246               0                2.000000000 
    39268               0                2.000000000 
    40502               0                2.000000000 
    40633               0                2.000000000 
    40671               1                2.000000000             SemiMu                28                    Unmatched                     28                     0.167182133

    40830               0                2.000000000 
    41308               0                2.000000000 
    41428               0                2.000000000 
    41430               1                2.000000000             SemiMu                29                    Unmatched                     29                     0.872987092

    41495               1                2.000000000             SemiMu                30                    Unmatched                     30                     0.817964554

    41535               0                2.000000000 
    42141               1                2.000000000             SemiMu                31                    Unmatched                     31                     1.404678822

    42177               1                2.000000000             SemiMu                32                    Unmatched                     32                     0.235455185

    42869               1                2.000000000             SemiMu                33                    Unmatched                     33                     0.971825540

    42881               0                2.000000000 
    43379               0                2.000000000 
    43478               0                2.000000000 
    43681               0                2.000000000 
    43838               0                2.000000000 
    44224               0                2.000000000 
    44309               1                2.000000000             SemiMu                34                    Unmatched                     34                     0.776605546
