  Event Nr     Extra cuts survived      Gen cos theta*        Main lhco file      MW Number (main)      TTbar splitting lhco file      MW Number (splitting)    MC scale factor

    41                  0                2.000000000 
    128                 0                2.000000000 
    172                 1                2.000000000             SemiMu                1                     Unmatched                     1                      0.077791318

    182                 1                2.000000000             SemiMu                2                     Unmatched                     2                      0.895977855

    205                 0                2.000000000 
    227                 1                2.000000000             SemiMu                3                     Unmatched                     3                      0.600863755

    237                 1                2.000000000             SemiMu                4                     Unmatched                     4                      0.928974628

    245                 0                2.000000000 
    252                 0                2.000000000 
    306                 0                2.000000000 
    362                 1                2.000000000             SemiMu                5                     Unmatched                     5                      0.947698474

    505                 0                2.000000000 
    585                 0                2.000000000 
    592                 1                2.000000000             SemiMu                6                     Unmatched                     6                      0.908111453

    597                 0                2.000000000 
    620                 1                2.000000000             SemiMu                7                     Unmatched                     7                      1.568267107

    622                 1                2.000000000             SemiMu                8                     Unmatched                     8                      0.385003507

    642                 0                2.000000000 
    742                 0                2.000000000 
    765                 1                2.000000000             SemiMu                9                     Unmatched                     9                      1.004679084

    821                 0                2.000000000 
    829                 0                2.000000000 
    895                 0                2.000000000 
    934                 1                2.000000000             SemiMu                10                    Unmatched                     10                     0.932482123

    1046                0                2.000000000 
    1047                0                2.000000000 
    1124                0                2.000000000 
    1223                1                2.000000000             SemiMu                11                    Unmatched                     11                     0.867385447

    1260                1                2.000000000             SemiMu                12                    Unmatched                     12                     0.869625807

    1297                0                2.000000000 
    1310                0                2.000000000 
    1323                1                2.000000000             SemiMu                13                    Unmatched                     13                     0.962032974

    1354                0                2.000000000 
    1466                1                2.000000000             SemiMu                14                    Unmatched                     14                     1.150049806

    1574                0                2.000000000 
    1620                0                2.000000000 
    1666                0                2.000000000 
    1701                1                2.000000000             SemiMu                15                    Unmatched                     15                     0.961089015

    1715                0                2.000000000 
    1754                0                2.000000000 
    1786                0                2.000000000 
    1821                0                2.000000000 
    1891                0                2.000000000 
    1925                0                2.000000000 
    1945                1                2.000000000             SemiMu                16                    Unmatched                     16                     1.000514746

    1962                0                2.000000000 
    1978                1                2.000000000             SemiMu                17                    Unmatched                     17                     0.877918363

    1986                1                2.000000000             SemiMu                18                    Unmatched                     18                     0.899920881

    2006                1                2.000000000             SemiMu                19                    Unmatched                     19                     0.028881591

    2007                0                2.000000000 
    2016                0                2.000000000 
    2043                0                2.000000000 
    2049                1                2.000000000             SemiMu                20                    Unmatched                     20                     1.013864398

    2113                0                2.000000000 
    2127                1                2.000000000             SemiMu                21                    Unmatched                     21                     1.109698772

    2200                1                2.000000000             SemiMu                22                    Unmatched                     22                     0.030692607

    2381                0                2.000000000 
    2390                0                2.000000000 
    2413                0                2.000000000 
    2485                0                2.000000000 