  Event Nr     Extra cuts survived      Gen cos theta*        Main lhco file      MW Number (main)      TTbar splitting lhco file      MW Number (splitting)    MC scale factor

    21                  0                2.000000000 
    27                  0                2.000000000 
    30                  0                2.000000000 
    39                  0                2.000000000 
    43                  0                2.000000000 
    70                  0                2.000000000 
    72                  0                2.000000000 
    74                  0                2.000000000 
    86                  1                2.000000000             SemiMu                1                     Unmatched                     1                      0.876233459

    96                  0                2.000000000 
    100                 0                2.000000000 
    103                 0                2.000000000 
    113                 0                2.000000000 
    139                 0                2.000000000 
    146                 1                2.000000000             SemiMu                2                     Unmatched                     2                      0.529034078

    157                 0                2.000000000 
    160                 0                2.000000000 
    164                 1                2.000000000             SemiMu                3                     Unmatched                     3                      0.997352898

    192                 0                2.000000000 
    193                 0                2.000000000 
    198                 0                2.000000000 
    200                 0                2.000000000 
    213                 0                2.000000000 
    215                 1                2.000000000             SemiMu                4                     Unmatched                     4                      0.884768367

    221                 0                2.000000000 
    231                 0                2.000000000 
    235                 0                2.000000000 
    237                 0                2.000000000 
    239                 1                2.000000000             SemiMu                5                     Unmatched                     5                      0.890511930

    241                 0                2.000000000 
    244                 0                2.000000000 
    245                 0                2.000000000 
    259                 0                2.000000000 
    274                 0                2.000000000 
    277                 0                2.000000000 
    286                 0                2.000000000 
    289                 0                2.000000000 
    290                 1                2.000000000             SemiMu                6                     Unmatched                     6                      0.718055308

    292                 0                2.000000000 
    298                 0                2.000000000 
    306                 0                2.000000000 
    320                 0                2.000000000 
    321                 0                2.000000000 
    328                 1                2.000000000             SemiMu                7                     Unmatched                     7                      0.968718469

    344                 0                2.000000000 
    345                 0                2.000000000 
    346                 0                2.000000000 
    353                 0                2.000000000 
    354                 0                2.000000000 
    361                 0                2.000000000 
    362                 0                2.000000000 
    392                 0                2.000000000 
    394                 0                2.000000000 
    401                 0                2.000000000 
    402                 0                2.000000000 
    409                 0                2.000000000 
    415                 1                2.000000000             SemiMu                8                     Unmatched                     8                      0.878074765

    417                 0                2.000000000 
    418                 0                2.000000000 
    423                 0                2.000000000 
    425                 0                2.000000000 
    426                 0                2.000000000 
    428                 0                2.000000000 
    439                 0                2.000000000 