  Event Nr     Extra cuts survived      Gen cos theta*        Main lhco file      MW Number (main)      TTbar splitting lhco file      MW Number (splitting)    MC scale factor

    3                   0                2.000000000 
    5                   0                2.000000000 
    9                   0                2.000000000 
    22                  0                2.000000000 
    24                  0                2.000000000 
    42                  0                2.000000000 
    57                  0                2.000000000 
    82                  0                2.000000000 
    92                  0                2.000000000 
    100                 0                2.000000000 
    107                 0                2.000000000 
    116                 0                2.000000000 
    118                 0                2.000000000 
    133                 0                2.000000000 
    148                 0                2.000000000 
    149                 0                2.000000000 
    158                 0                2.000000000 
    166                 1                2.000000000             SemiMu                1                     Unmatched                     1                      0.873376131

    169                 0                2.000000000 
    182                 0                2.000000000 
    184                 0                2.000000000 
    189                 0                2.000000000 
    191                 0                2.000000000 
    196                 0                2.000000000 
    200                 0                2.000000000 
    206                 0                2.000000000 
    218                 0                2.000000000 
    233                 0                2.000000000 
    243                 0                2.000000000 
    255                 0                2.000000000 
    256                 0                2.000000000 
    258                 0                2.000000000 
    259                 0                2.000000000 
    260                 0                2.000000000 
    278                 0                2.000000000 
    294                 0                2.000000000 
    297                 0                2.000000000 
    317                 0                2.000000000 
    321                 1                2.000000000             SemiMu                2                     Unmatched                     2                      0.503871322

    325                 0                2.000000000 
    328                 0                2.000000000 
    357                 1                2.000000000             SemiMu                3                     Unmatched                     3                      0.918666303

    361                 0                2.000000000 
    362                 0                2.000000000 
    370                 0                2.000000000 
    372                 0                2.000000000 
    405                 1                2.000000000             SemiMu                4                     Unmatched                     4                      0.975542963

    407                 0                2.000000000 
    412                 0                2.000000000 
    413                 0                2.000000000 
    426                 0                2.000000000 
    433                 0                2.000000000 
    436                 0                2.000000000 
    439                 1                2.000000000             SemiMu                5                     Unmatched                     5                      0.010588262

    443                 0                2.000000000 
    459                 1                2.000000000             SemiMu                6                     Unmatched                     6                      0.965666592

    478                 0                2.000000000 
    479                 0                2.000000000 
    520                 1                2.000000000             SemiMu                7                     Unmatched                     7                      0.990716040

    526                 0                2.000000000 
    548                 0                2.000000000 
    551                 0                2.000000000 
    589                 0                2.000000000 
    595                 0                2.000000000 
    610                 0                2.000000000 
    611                 0                2.000000000 
    617                 1                2.000000000             SemiMu                8                     Unmatched                     8                      0.077376835

    645                 0                2.000000000 
    654                 0                2.000000000 
    655                 0                2.000000000 
    665                 0                2.000000000 
    677                 0                2.000000000 
    697                 0                2.000000000 
    700                 0                2.000000000 
    702                 1                2.000000000             SemiMu                9                     Unmatched                     9                      1.427597284

    705                 0                2.000000000 
    708                 1                2.000000000             SemiMu                10                    Unmatched                     10                     0.537575901

    728                 0                2.000000000 
    767                 0                2.000000000 
    768                 0                2.000000000 
    769                 0                2.000000000 
    782                 0                2.000000000 
    784                 0                2.000000000 
    790                 0                2.000000000 
    805                 0                2.000000000 
    816                 0                2.000000000 
    817                 0                2.000000000 
    828                 0                2.000000000 
    830                 0                2.000000000 
    838                 0                2.000000000 
    845                 0                2.000000000 
    861                 1                2.000000000             SemiMu                11                    Unmatched                     11                     1.021807790

    880                 0                2.000000000 
    883                 0                2.000000000 
    891                 0                2.000000000 
    897                 1                2.000000000             SemiMu                12                    Unmatched                     12                     0.967492521

    921                 0                2.000000000 
    933                 0                2.000000000 
    935                 0                2.000000000 
    938                 1                2.000000000             SemiMu                13                    Unmatched                     13                     1.109812260

    948                 1                2.000000000             SemiMu                14                    Unmatched                     14                     0.968947351

    956                 0                2.000000000 
    957                 0                2.000000000 
    970                 0                2.000000000 
    971                 0                2.000000000 
    978                 0                2.000000000 
    997                 1                2.000000000             SemiMu                15                    Unmatched                     15                     0.986324549

    1012                0                2.000000000 
    1013                0                2.000000000 
    1014                0                2.000000000 
    1015                0                2.000000000 
    1030                0                2.000000000 
    1040                0                2.000000000 
    1050                1                2.000000000             SemiMu                16                    Unmatched                     16                     0.313251287

    1051                0                2.000000000 
    1052                0                2.000000000 
    1055                0                2.000000000 
    1058                0                2.000000000 
    1066                0                2.000000000 
    1072                0                2.000000000 
    1073                0                2.000000000 
    1080                0                2.000000000 
    1085                0                2.000000000 
    1088                0                2.000000000 
    1093                0                2.000000000 
    1109                0                2.000000000 
    1111                0                2.000000000 
    1113                0                2.000000000 
    1118                0                2.000000000 
    1126                0                2.000000000 
    1128                0                2.000000000 
    1131                1                2.000000000             SemiMu                17                    Unmatched                     17                     0.892022789

    1134                0                2.000000000 
    1140                1                2.000000000             SemiMu                18                    Unmatched                     18                     0.943926156

    1143                0                2.000000000 
    1152                0                2.000000000 
    1158                0                2.000000000 
    1160                0                2.000000000 
    1180                0                2.000000000 
    1193                0                2.000000000 
    1209                0                2.000000000 
    1210                0                2.000000000 
    1218                0                2.000000000 
    1221                0                2.000000000 
    1222                0                2.000000000 
    1228                1                2.000000000             SemiMu                19                    Unmatched                     19                     1.466291308

    1231                0                2.000000000 
    1234                0                2.000000000 
    1239                0                2.000000000 
    1254                0                2.000000000 
    1263                0                2.000000000 
    1279                0                2.000000000 
    1281                0                2.000000000 
    1291                0                2.000000000 
    1296                0                2.000000000 
    1306                0                2.000000000 
    1311                0                2.000000000 
    1317                0                2.000000000 
    1323                0                2.000000000 
    1326                0                2.000000000 
    1335                1                2.000000000             SemiMu                20                    Unmatched                     20                     0.308897108

    1336                0                2.000000000 
    1349                0                2.000000000 
    1366                0                2.000000000 
    1375                0                2.000000000 
    1379                0                2.000000000 
    1392                0                2.000000000 
    1402                0                2.000000000 
    1412                0                2.000000000 
    1424                0                2.000000000 
    1429                0                2.000000000 
    1436                1                2.000000000             SemiMu                21                    Unmatched                     21                     0.927903295

    1457                0                2.000000000 
    1466                0                2.000000000 
    1471                0                2.000000000 
    1481                0                2.000000000 
    1482                1                2.000000000             SemiMu                22                    Unmatched                     22                     0.867375255

    1488                0                2.000000000 
    1495                1                2.000000000             SemiMu                23                    Unmatched                     23                     1.109992027

    1497                0                2.000000000 
    1507                0                2.000000000 
    1513                0                2.000000000 
    1516                0                2.000000000 
    1533                0                2.000000000 
    1536                0                2.000000000 
    1540                0                2.000000000 
    1555                0                2.000000000 
    1566                0                2.000000000 
    1572                0                2.000000000 
    1576                1                2.000000000             SemiMu                24                    Unmatched                     24                     1.115358829

    1588                0                2.000000000 
    1592                0                2.000000000 
    1599                0                2.000000000 
    1600                0                2.000000000 
    1614                0                2.000000000 
    1617                0                2.000000000 
    1628                0                2.000000000 
    1636                0                2.000000000 
    1641                0                2.000000000 
    1643                0                2.000000000 
    1683                0                2.000000000 
    1684                0                2.000000000 
    1686                0                2.000000000 
    1687                0                2.000000000 
    1703                0                2.000000000 
    1711                0                2.000000000 
    1721                0                2.000000000 
    1725                0                2.000000000 
    1749                0                2.000000000 
    1751                0                2.000000000 
    1755                0                2.000000000 
    1759                0                2.000000000 
    1764                0                2.000000000 
    1780                0                2.000000000 
    1802                0                2.000000000 
    1809                0                2.000000000 
    1819                0                2.000000000 
    1825                0                2.000000000 
    1829                0                2.000000000 
    1850                0                2.000000000 
    1878                0                2.000000000 
    1890                0                2.000000000 
    1906                0                2.000000000 
    1912                0                2.000000000 
    1917                0                2.000000000 
    1919                0                2.000000000 
    1929                1                2.000000000             SemiMu                25                    Unmatched                     25                     1.112742424

    1932                1                2.000000000             SemiMu                26                    Unmatched                     26                     0.968743503

    1936                0                2.000000000 
    1941                0                2.000000000 
    1948                0                2.000000000 
    1953                0                2.000000000 
    1957                0                2.000000000 
    1965                0                2.000000000 
    1968                0                2.000000000 
    1971                0                2.000000000 
    1987                0                2.000000000 
    2009                0                2.000000000 
    2012                0                2.000000000 
    2028                0                2.000000000 
    2047                0                2.000000000 
    2053                0                2.000000000 
    2082                1                2.000000000             SemiMu                27                    Unmatched                     27                     0.407916099

    2095                0                2.000000000 
    2096                0                2.000000000 
    2107                0                2.000000000 
    2122                0                2.000000000 
    2160                0                2.000000000 
    2165                0                2.000000000 
    2166                0                2.000000000 
    2175                0                2.000000000 
    2185                0                2.000000000 
    2194                0                2.000000000 
    2213                0                2.000000000 
    2219                0                2.000000000 
    2223                1                2.000000000             SemiMu                28                    Unmatched                     28                     0.795497358

    2231                0                2.000000000 
    2236                1                2.000000000             SemiMu                29                    Unmatched                     29                     0.601573944

    2237                0                2.000000000 
    2238                0                2.000000000 
    2245                0                2.000000000 
    2259                0                2.000000000 
    2263                0                2.000000000 
    2267                0                2.000000000 
    2273                0                2.000000000 
    2279                0                2.000000000 
    2286                0                2.000000000 
    2297                0                2.000000000 
    2309                0                2.000000000 
    2317                0                2.000000000 
    2322                0                2.000000000 
    2328                0                2.000000000 
    2330                0                2.000000000 
    2334                1                2.000000000             SemiMu                30                    Unmatched                     30                     0.873286724

    2336                0                2.000000000 
    2337                0                2.000000000 
    2341                1                2.000000000             SemiMu                31                    Unmatched                     31                     0.512185514

    2345                0                2.000000000 
    2349                0                2.000000000 
    2358                0                2.000000000 
    2360                0                2.000000000 
    2362                0                2.000000000 
    2368                0                2.000000000 
    2373                0                2.000000000 
    2401                0                2.000000000 
    2406                0                2.000000000 
    2410                0                2.000000000 
    2426                0                2.000000000 
    2439                0                2.000000000 
    2440                1                2.000000000             SemiMu                32                    Unmatched                     32                     0.982812941

    2471                0                2.000000000 
    2474                1                2.000000000             SemiMu                33                    Unmatched                     33                     0.991375983

    2481                0                2.000000000 
    2504                0                2.000000000 
    2506                1                2.000000000             SemiMu                34                    Unmatched                     34                     0.723513901

    2510                0                2.000000000 
    2512                0                2.000000000 
    2518                0                2.000000000 
    2519                0                2.000000000 
    2527                0                2.000000000 
    2528                1                2.000000000             SemiMu                35                    Unmatched                     35                     0.889283836

    2540                0                2.000000000 
    2548                0                2.000000000 
    2564                0                2.000000000 
    2568                1                2.000000000             SemiMu                36                    Unmatched                     36                     1.030876398

    2570                0                2.000000000 
    2573                0                2.000000000 
    2574                0                2.000000000 
    2577                1                2.000000000             SemiMu                37                    Unmatched                     37                     1.147770166

    2588                0                2.000000000 
    2593                0                2.000000000 
    2594                0                2.000000000 
    2597                0                2.000000000 
    2614                0                2.000000000 
    2617                0                2.000000000 
    2640                0                2.000000000 
    2651                0                2.000000000 
    2662                1                2.000000000             SemiMu                38                    Unmatched                     38                     1.082417727

    2668                0                2.000000000 
    2674                0                2.000000000 
    2682                0                2.000000000 
    2685                0                2.000000000 
    2694                0                2.000000000 
    2695                0                2.000000000 
    2704                0                2.000000000 
    2705                1                2.000000000             SemiMu                39                    Unmatched                     39                     0.989194572

    2712                0                2.000000000 
    2734                0                2.000000000 
    2777                0                2.000000000 
    2778                1                2.000000000             SemiMu                40                    Unmatched                     40                     1.042361617

    2780                0                2.000000000 
    2789                0                2.000000000 
    2793                0                2.000000000 
    2796                0                2.000000000 
    2822                0                2.000000000 
    2826                0                2.000000000 
    2838                0                2.000000000 
    2839                0                2.000000000 
    2840                0                2.000000000 
    2871                0                2.000000000 
    2900                0                2.000000000 
    2902                0                2.000000000 
    2905                0                2.000000000 
    2907                0                2.000000000 
    2910                0                2.000000000 
    2913                0                2.000000000 
    2923                0                2.000000000 
    2927                0                2.000000000 
    2929                0                2.000000000 
    2932                0                2.000000000 
    2935                0                2.000000000 
    2940                0                2.000000000 
    2944                0                2.000000000 
    2947                0                2.000000000 
    2960                0                2.000000000 
    2969                0                2.000000000 
    2982                0                2.000000000 
    2986                0                2.000000000 
    3001                0                2.000000000 
    3017                0                2.000000000 
    3033                0                2.000000000 
    3038                0                2.000000000 
    3051                0                2.000000000 
    3055                0                2.000000000 
    3059                0                2.000000000 
    3069                0                2.000000000 
    3072                0                2.000000000 
    3075                0                2.000000000 
    3079                0                2.000000000 
    3127                0                2.000000000 
    3128                0                2.000000000 
    3131                0                2.000000000 
    3132                0                2.000000000 
    3145                0                2.000000000 
    3153                0                2.000000000 
    3165                0                2.000000000 
    3169                0                2.000000000 
    3177                0                2.000000000 
    3212                0                2.000000000 
    3218                0                2.000000000 
    3227                0                2.000000000 
    3233                1                2.000000000             SemiMu                41                    Unmatched                     41                     0.491604924

    3249                0                2.000000000 
    3250                0                2.000000000 
    3265                0                2.000000000 
    3284                0                2.000000000 
    3302                0                2.000000000 
    3306                1                2.000000000             SemiMu                42                    Unmatched                     42                     0.970137119

    3318                0                2.000000000 
    3352                0                2.000000000 
    3356                0                2.000000000 
    3359                0                2.000000000 
    3365                0                2.000000000 
    3372                0                2.000000000 
    3381                0                2.000000000 
    3384                1                2.000000000             SemiMu                43                    Unmatched                     43                     0.999185145

    3401                0                2.000000000 
    3420                1                2.000000000             SemiMu                44                    Unmatched                     44                     1.300183535

    3421                0                2.000000000 
    3448                0                2.000000000 
    3458                0                2.000000000 
    3471                0                2.000000000 
    3480                0                2.000000000 
    3481                0                2.000000000 
    3484                0                2.000000000 
    3508                0                2.000000000 
    3519                0                2.000000000 
    3523                0                2.000000000 
    3526                0                2.000000000 
    3570                0                2.000000000 
    3575                0                2.000000000 
    3598                0                2.000000000 
    3605                0                2.000000000 
    3606                0                2.000000000 
    3620                0                2.000000000 
    3627                0                2.000000000 
    3633                0                2.000000000 
    3656                0                2.000000000 
    3662                0                2.000000000 
    3664                0                2.000000000 
    3673                0                2.000000000 
    3680                1                2.000000000             SemiMu                45                    Unmatched                     45                     0.875169158

    3687                0                2.000000000 
    3690                0                2.000000000 
    3692                0                2.000000000 
    3699                0                2.000000000 
    3704                0                2.000000000 
    3706                0                2.000000000 
    3721                0                2.000000000 
    3728                0                2.000000000 
    3732                0                2.000000000 
    3739                1                2.000000000             SemiMu                46                    Unmatched                     46                     0.928348899

    3750                0                2.000000000 
    3751                0                2.000000000 
    3763                0                2.000000000 
    3770                0                2.000000000 
    3773                0                2.000000000 
    3782                1                2.000000000             SemiMu                47                    Unmatched                     47                     1.419280052

    3783                0                2.000000000 
    3786                0                2.000000000 
    3802                0                2.000000000 
    3804                0                2.000000000 
    3811                0                2.000000000 
    3848                0                2.000000000 
    3856                0                2.000000000 
    3869                0                2.000000000 
    3876                0                2.000000000 
    3883                0                2.000000000 
    3888                0                2.000000000 
    3889                0                2.000000000 
    3892                1                2.000000000             SemiMu                48                    Unmatched                     48                     0.601687908

    3904                0                2.000000000 
    3927                0                2.000000000 
    3930                0                2.000000000 
    3935                0                2.000000000 
    3951                0                2.000000000 
    3958                0                2.000000000 
    3962                0                2.000000000 
    3971                0                2.000000000 
    4001                0                2.000000000 
    4004                0                2.000000000 
    4009                0                2.000000000 
    4010                0                2.000000000 
    4033                0                2.000000000 
    4059                1                2.000000000             SemiMu                49                    Unmatched                     49                     0.941966414

    4081                0                2.000000000 
    4092                0                2.000000000 
    4098                0                2.000000000 
    4131                0                2.000000000 
    4133                0                2.000000000 
    4167                1                2.000000000             SemiMu                50                    Unmatched                     50                     1.298607826

    4170                0                2.000000000 
    4172                0                2.000000000 
    4173                0                2.000000000 
    4188                0                2.000000000 
    4195                0                2.000000000 
    4206                0                2.000000000 
    4215                0                2.000000000 
    4233                0                2.000000000 
    4242                0                2.000000000 
    4246                0                2.000000000 
    4251                0                2.000000000 
    4276                0                2.000000000 
    4278                0                2.000000000 
    4290                0                2.000000000 
    4291                0                2.000000000 
    4307                0                2.000000000 
    4309                0                2.000000000 
    4310                0                2.000000000 
    4315                0                2.000000000 
    4323                0                2.000000000 
    4341                0                2.000000000 
    4347                0                2.000000000 
    4355                0                2.000000000 
    4373                0                2.000000000 
    4380                0                2.000000000 
    4385                0                2.000000000 
    4387                0                2.000000000 
    4394                0                2.000000000 
    4405                0                2.000000000 
    4414                0                2.000000000 
    4420                0                2.000000000 
    4421                0                2.000000000 
    4427                0                2.000000000 
    4433                0                2.000000000 
    4434                0                2.000000000 
    4449                0                2.000000000 
    4453                0                2.000000000 
    4456                0                2.000000000 
    4498                0                2.000000000 
    4506                1                2.000000000             SemiMu                51                    Unmatched                     51                     0.989260495

    4517                1                2.000000000             SemiMu                52                    Unmatched                     52                     0.982853115

    4526                0                2.000000000 
    4531                0                2.000000000 
    4536                0                2.000000000 
    4551                0                2.000000000 
    4556                0                2.000000000 
    4559                0                2.000000000 
    4562                0                2.000000000 
    4567                0                2.000000000 
    4580                0                2.000000000 
    4587                0                2.000000000 
    4594                0                2.000000000 
    4602                0                2.000000000 
    4605                0                2.000000000 
    4620                0                2.000000000 
    4639                0                2.000000000 
    4645                0                2.000000000 
    4647                0                2.000000000 
    4648                0                2.000000000 
    4668                0                2.000000000 
    4670                0                2.000000000 
    4673                0                2.000000000 
    4687                0                2.000000000 
    4690                0                2.000000000 
    4696                0                2.000000000 
    4709                0                2.000000000 
    4713                0                2.000000000 
    4752                0                2.000000000 
    4760                0                2.000000000 
    4786                0                2.000000000 
    4787                0                2.000000000 
    4788                0                2.000000000 
    4789                1                2.000000000             SemiMu                53                    Unmatched                     53                     0.928567827

    4793                0                2.000000000 
    4795                1                2.000000000             SemiMu                54                    Unmatched                     54                     0.876515090

    4800                1                2.000000000             SemiMu                55                    Unmatched                     55                     0.981846571

    4813                0                2.000000000 
    4814                0                2.000000000 
    4818                0                2.000000000 
    4821                0                2.000000000 
    4822                0                2.000000000 
    4830                0                2.000000000 
    4851                0                2.000000000 
    4868                0                2.000000000 
    4869                0                2.000000000 
    4877                0                2.000000000 
    4914                0                2.000000000 
    4919                0                2.000000000 
    4950                0                2.000000000 
    4951                0                2.000000000 
    4955                0                2.000000000 
    4965                0                2.000000000 
    4970                0                2.000000000 
    4971                0                2.000000000 
    4975                0                2.000000000 
    4980                1                2.000000000             SemiMu                56                    Unmatched                     56                     0.898244381

    4983                0                2.000000000 
    4989                0                2.000000000 
    4997                0                2.000000000 
    5018                0                2.000000000 
    5021                0                2.000000000 
    5027                0                2.000000000 
    5035                0                2.000000000 
    5036                0                2.000000000 
    5050                0                2.000000000 
    5058                0                2.000000000 
    5075                0                2.000000000 
    5101                0                2.000000000 
    5106                1                2.000000000             SemiMu                57                    Unmatched                     57                     0.931359529

    5115                0                2.000000000 
    5125                0                2.000000000 
    5126                0                2.000000000 
    5132                0                2.000000000 
    5139                0                2.000000000 
    5166                0                2.000000000 
    5195                1                2.000000000             SemiMu                58                    Unmatched                     58                     0.981711924

    5199                0                2.000000000 
    5200                0                2.000000000 
    5210                0                2.000000000 
    5216                0                2.000000000 
    5217                0                2.000000000 
    5230                0                2.000000000 
    5249                0                2.000000000 
    5255                0                2.000000000 
    5259                0                2.000000000 
    5280                0                2.000000000 
    5285                0                2.000000000 
    5302                0                2.000000000 
    5307                0                2.000000000 
    5320                0                2.000000000 
    5323                0                2.000000000 
    5325                0                2.000000000 
    5331                0                2.000000000 
    5341                1                2.000000000             SemiMu                59                    Unmatched                     59                     0.891977072

    5358                0                2.000000000 
    5367                0                2.000000000 
    5377                0                2.000000000 
    5379                0                2.000000000 
    5387                0                2.000000000 
    5392                0                2.000000000 
    5394                0                2.000000000 
    5397                0                2.000000000 
    5404                0                2.000000000 
    5409                0                2.000000000 
    5441                0                2.000000000 
    5448                0                2.000000000 
    5450                0                2.000000000 
    5454                0                2.000000000 
    5455                0                2.000000000 
    5466                0                2.000000000 
    5468                0                2.000000000 
    5472                0                2.000000000 
    5478                0                2.000000000 
    5483                0                2.000000000 
    5499                0                2.000000000 
    5509                0                2.000000000 
    5513                0                2.000000000 
    5521                0                2.000000000 
    5525                0                2.000000000 
    5528                0                2.000000000 
    5536                0                2.000000000 
    5547                0                2.000000000 
    5551                0                2.000000000 
    5552                0                2.000000000 
    5564                0                2.000000000 
    5565                0                2.000000000 
    5603                0                2.000000000 
    5610                1                2.000000000             SemiMu                60                    Unmatched                     60                     0.870499313

    5612                0                2.000000000 
    5617                0                2.000000000 
    5618                0                2.000000000 
    5619                0                2.000000000 
    5623                0                2.000000000 
    5626                0                2.000000000 
    5655                0                2.000000000 
    5669                0                2.000000000 
    5670                0                2.000000000 
    5679                0                2.000000000 
    5684                0                2.000000000 
    5696                0                2.000000000 
    5702                0                2.000000000 
    5717                0                2.000000000 
    5724                0                2.000000000 
    5741                0                2.000000000 
    5743                0                2.000000000 
    5755                0                2.000000000 
    5763                1                2.000000000             SemiMu                61                    Unmatched                     61                     0.963281333

    5767                0                2.000000000 
    5779                0                2.000000000 
    5792                0                2.000000000 
    5802                0                2.000000000 
    5804                0                2.000000000 
    5807                0                2.000000000 
    5810                0                2.000000000 
    5813                0                2.000000000 
    5816                0                2.000000000 
    5819                0                2.000000000 
    5821                1                2.000000000             SemiMu                62                    Unmatched                     62                     0.792701066

    5845                0                2.000000000 
    5848                0                2.000000000 
    5869                0                2.000000000 
    5894                0                2.000000000 
    5898                0                2.000000000 
    5899                0                2.000000000 
    5911                0                2.000000000 
    5922                0                2.000000000 
    5923                0                2.000000000 
    5934                0                2.000000000 
    5937                0                2.000000000 
    5945                0                2.000000000 
    5949                0                2.000000000 
    5953                1                2.000000000             SemiMu                63                    Unmatched                     63                     1.009692073

    5979                0                2.000000000 
    5989                0                2.000000000 
    5991                1                2.000000000             SemiMu                64                    Unmatched                     64                     0.895544410

    5997                0                2.000000000 
    6011                1                2.000000000             SemiMu                65                    Unmatched                     65                     1.096502781

    6027                0                2.000000000 
    6030                0                2.000000000 
    6034                1                2.000000000             SemiMu                66                    Unmatched                     66                     0.113333523

    6052                0                2.000000000 
    6059                0                2.000000000 
    6064                0                2.000000000 
    6079                0                2.000000000 
    6098                0                2.000000000 
    6123                0                2.000000000 
    6125                0                2.000000000 
    6128                0                2.000000000 
    6129                0                2.000000000 
    6134                0                2.000000000 
    6174                0                2.000000000 
    6184                0                2.000000000 
    6226                0                2.000000000 
    6244                0                2.000000000 
    6248                0                2.000000000 
    6253                0                2.000000000 
    6264                0                2.000000000 
    6266                0                2.000000000 
    6267                0                2.000000000 
    6268                0                2.000000000 
    6270                0                2.000000000 
    6272                0                2.000000000 
    6276                0                2.000000000 
    6277                0                2.000000000 
    6282                0                2.000000000 
    6308                0                2.000000000 
    6326                0                2.000000000 
    6335                0                2.000000000 
    6371                0                2.000000000 
    6375                0                2.000000000 
    6376                0                2.000000000 
    6396                0                2.000000000 
    6403                0                2.000000000 
    6415                0                2.000000000 
    6416                0                2.000000000 
    6433                0                2.000000000 
    6460                0                2.000000000 
    6467                0                2.000000000 
    6475                0                2.000000000 
    6483                0                2.000000000 
    6486                0                2.000000000 
    6522                0                2.000000000 
    6524                1                2.000000000             SemiMu                67                    Unmatched                     67                     0.992555678

    6526                0                2.000000000 
    6537                0                2.000000000 
    6555                0                2.000000000 
    6559                0                2.000000000 
    6580                0                2.000000000 
    6586                0                2.000000000 
    6593                0                2.000000000 
    6600                0                2.000000000 
    6611                0                2.000000000 
    6623                0                2.000000000 
    6647                0                2.000000000 
    6658                1                2.000000000             SemiMu                68                    Unmatched                     68                     0.984690249

    6684                0                2.000000000 
    6700                0                2.000000000 
    6705                0                2.000000000 
    6717                0                2.000000000 
    6725                0                2.000000000 
    6727                0                2.000000000 
    6737                0                2.000000000 
    6745                1                2.000000000             SemiMu                69                    Unmatched                     69                     0.981601238

    6746                0                2.000000000 
    6752                0                2.000000000 
    6760                0                2.000000000 
    6764                1                2.000000000             SemiMu                70                    Unmatched                     70                     0.922345698

    6780                0                2.000000000 
    6794                0                2.000000000 
    6798                0                2.000000000 
    6799                0                2.000000000 
    6824                0                2.000000000 
    6837                0                2.000000000 
    6862                0                2.000000000 
    6868                0                2.000000000 
    6879                0                2.000000000 
    6893                0                2.000000000 
    6901                0                2.000000000 
    6919                0                2.000000000 
    6937                0                2.000000000 
    6945                0                2.000000000 
    6960                0                2.000000000 
    6963                0                2.000000000 
    6966                0                2.000000000 
    6968                0                2.000000000 
    6980                0                2.000000000 
    6990                0                2.000000000 
    6997                1                2.000000000             SemiMu                71                    Unmatched                     71                     0.878095984

    6999                0                2.000000000 
    7008                0                2.000000000 
    7015                0                2.000000000 
    7033                0                2.000000000 
    7064                0                2.000000000 
    7065                0                2.000000000 
    7072                1                2.000000000             SemiMu                72                    Unmatched                     72                     0.400183409

    7077                0                2.000000000 
    7080                0                2.000000000 
    7091                0                2.000000000 
    7094                0                2.000000000 
    7102                1                2.000000000             SemiMu                73                    Unmatched                     73                     0.959758937

    7109                0                2.000000000 
    7134                0                2.000000000 
    7136                0                2.000000000 
    7160                1                2.000000000             SemiMu                74                    Unmatched                     74                     0.879743993

    7161                0                2.000000000 
    7171                0                2.000000000 
    7182                0                2.000000000 
    7192                0                2.000000000 
    7204                1                2.000000000             SemiMu                75                    Unmatched                     75                     0.948126972

    7212                0                2.000000000 
    7228                0                2.000000000 
    7240                0                2.000000000 
    7255                0                2.000000000 
    7267                0                2.000000000 
    7277                0                2.000000000 
    7304                0                2.000000000 
    7320                0                2.000000000 
    7364                0                2.000000000 
    7366                1                2.000000000             SemiMu                76                    Unmatched                     76                     1.299836636

    7372                0                2.000000000 
    7385                0                2.000000000 
    7386                0                2.000000000 
    7390                1                2.000000000             SemiMu                77                    Unmatched                     77                     0.969442546

    7398                0                2.000000000 
    7409                0                2.000000000 
    7411                0                2.000000000 
    7453                0                2.000000000 
    7549                0                2.000000000 
    7557                0                2.000000000 
    7570                0                2.000000000 
    7576                0                2.000000000 
    7584                0                2.000000000 
    7593                0                2.000000000 
    7596                0                2.000000000 
    7601                0                2.000000000 
    7602                0                2.000000000 
    7607                0                2.000000000 
    7608                0                2.000000000 
    7623                0                2.000000000 
    7629                1                2.000000000             SemiMu                78                    Unmatched                     78                     0.615485787

    7636                0                2.000000000 
    7645                0                2.000000000 
    7660                0                2.000000000 
    7678                0                2.000000000 
    7685                1                2.000000000             SemiMu                79                    Unmatched                     79                     0.976389647

    7692                0                2.000000000 
    7709                1                2.000000000             SemiMu                80                    Unmatched                     80                     0.375737756

    7725                0                2.000000000 
    7743                0                2.000000000 
    7745                0                2.000000000 
    7747                0                2.000000000 
    7748                1                2.000000000             SemiMu                81                    Unmatched                     81                     0.650005639

    7749                1                2.000000000             SemiMu                82                    Unmatched                     82                     0.962447524

    7760                1                2.000000000             SemiMu                83                    Unmatched                     83                     0.888715208

    7765                0                2.000000000 
    7798                0                2.000000000 
    7806                1                2.000000000             SemiMu                84                    Unmatched                     84                     0.792325854

    7823                0                2.000000000 
    7824                0                2.000000000 
    7843                0                2.000000000 
    7856                1                2.000000000             SemiMu                85                    Unmatched                     85                     0.116308607

    7866                0                2.000000000 
    7886                0                2.000000000 
    7889                0                2.000000000 
    7899                0                2.000000000 
    7902                1                2.000000000             SemiMu                86                    Unmatched                     86                     0.028904101

    7923                0                2.000000000 
    7948                0                2.000000000 
    7959                0                2.000000000 
    7968                0                2.000000000 
    7969                0                2.000000000 
    7981                0                2.000000000 
    7987                0                2.000000000 
    8001                0                2.000000000 
    8009                0                2.000000000 
    8018                0                2.000000000 
    8024                0                2.000000000 
    8031                1                2.000000000             SemiMu                87                    Unmatched                     87                     0.378812343

    8032                0                2.000000000 
    8034                0                2.000000000 
    8049                0                2.000000000 
    8050                0                2.000000000 
    8062                0                2.000000000 
    8067                1                2.000000000             SemiMu                88                    Unmatched                     88                     0.928707182

    8080                0                2.000000000 
    8084                0                2.000000000 
    8097                0                2.000000000 
    8103                0                2.000000000 
    8121                0                2.000000000 
    8127                0                2.000000000 
    8134                0                2.000000000 
    8155                0                2.000000000 
    8178                0                2.000000000 
    8180                0                2.000000000 
    8187                0                2.000000000 
    8189                0                2.000000000 
    8190                1                2.000000000             SemiMu                89                    Unmatched                     89                     0.929521799

    8209                0                2.000000000 
    8210                0                2.000000000 
    8213                0                2.000000000 
    8218                0                2.000000000 
    8224                0                2.000000000 
    8226                0                2.000000000 
    8230                0                2.000000000 
    8246                0                2.000000000 
    8248                0                2.000000000 
    8266                1                2.000000000             SemiMu                90                    Unmatched                     90                     0.869376898

    8270                0                2.000000000 
    8273                0                2.000000000 
    8275                0                2.000000000 
    8278                0                2.000000000 
    8289                0                2.000000000 
    8322                0                2.000000000 
    8326                0                2.000000000 
    8354                0                2.000000000 
    8377                0                2.000000000 
    8403                0                2.000000000 
    8404                1                2.000000000             SemiMu                91                    Unmatched                     91                     1.086148620

    8410                0                2.000000000 
    8414                0                2.000000000 
    8439                0                2.000000000 
    8447                0                2.000000000 
    8479                0                2.000000000 
    8488                0                2.000000000 
    8489                0                2.000000000 
    8494                0                2.000000000 
    8500                0                2.000000000 
    8502                0                2.000000000 
    8511                0                2.000000000 
    8520                0                2.000000000 
    8522                0                2.000000000 
    8526                0                2.000000000 
    8527                0                2.000000000 
    8532                0                2.000000000 
    8538                1                2.000000000             SemiMu                92                    Unmatched                     92                     1.423275709

    8546                0                2.000000000 
    8551                0                2.000000000 
    8574                0                2.000000000 
    8581                1                2.000000000             SemiMu                93                    Unmatched                     93                     0.497624397

    8587                0                2.000000000 
    8589                1                2.000000000             SemiMu                94                    Unmatched                     94                     0.890303493

    8592                0                2.000000000 
    8596                1                2.000000000             SemiMu                95                    Unmatched                     95                     0.029563926

    8599                0                2.000000000 
    8609                0                2.000000000 
    8610                1                2.000000000             SemiMu                96                    Unmatched                     96                     1.450616360

    8618                1                2.000000000             SemiMu                97                    Unmatched                     97                     1.086116195

    8619                1                2.000000000             SemiMu                98                    Unmatched                     98                     0.893392086

    8620                0                2.000000000 
    8621                0                2.000000000 
    8632                0                2.000000000 
    8633                0                2.000000000 
    8641                0                2.000000000 
    8657                0                2.000000000 
    8661                0                2.000000000 
    8668                0                2.000000000 
    8676                0                2.000000000 
    8678                1                2.000000000             SemiMu                99                    Unmatched                     99                     0.926793218

    8682                0                2.000000000 
    8686                0                2.000000000 
    8698                0                2.000000000 
    8715                0                2.000000000 
    8717                0                2.000000000 
    8724                1                2.000000000             SemiMu                100                   Unmatched                     100                    0.624453485

    8729                0                2.000000000 
    8739                0                2.000000000 
    8740                0                2.000000000 
    8741                0                2.000000000 
    8747                0                2.000000000 
    8768                0                2.000000000 
    8769                1                2.000000000             SemiMu                101                   Unmatched                     101                    1.109474778

    8771                0                2.000000000 
    8774                0                2.000000000 
    8777                0                2.000000000 
    8821                0                2.000000000 
    8831                0                2.000000000 
    8841                0                2.000000000 
    8843                0                2.000000000 
    8845                0                2.000000000 
    8852                0                2.000000000 
    8874                1                2.000000000             SemiMu                102                   Unmatched                     102                    0.993965685

    8917                0                2.000000000 
    8923                0                2.000000000 
    8924                0                2.000000000 
    8934                0                2.000000000 
    8962                0                2.000000000 
    8965                0                2.000000000 
    8974                0                2.000000000 
    8981                0                2.000000000 
    8998                1                2.000000000             SemiMu                103                   Unmatched                     103                    0.985656619

    9010                1                2.000000000             SemiMu                104                   Unmatched                     104                    0.989397347

    9028                0                2.000000000 
    9057                0                2.000000000 
    9065                0                2.000000000 
    9080                1                2.000000000             SemiMu                105                   Unmatched                     105                    0.988672793

    9091                0                2.000000000 
    9098                0                2.000000000 
    9102                0                2.000000000 
    9108                0                2.000000000 
    9129                0                2.000000000 
    9130                0                2.000000000 
    9132                0                2.000000000 
    9140                0                2.000000000 
    9143                0                2.000000000 
    9146                0                2.000000000 
    9168                0                2.000000000 
    9182                0                2.000000000 
    9202                0                2.000000000 
    9206                0                2.000000000 
    9211                0                2.000000000 
    9212                0                2.000000000 
    9223                0                2.000000000 
    9231                0                2.000000000 
    9237                0                2.000000000 
    9253                0                2.000000000 
    9256                1                2.000000000             SemiMu                106                   Unmatched                     106                    1.112500072

    9270                0                2.000000000 
    9272                0                2.000000000 
    9274                0                2.000000000 
    9275                0                2.000000000 
    9287                0                2.000000000 
    9317                0                2.000000000 
    9319                0                2.000000000 
    9325                0                2.000000000 
    9352                0                2.000000000 
    9357                0                2.000000000 
    9388                0                2.000000000 
    9392                0                2.000000000 
    9401                0                2.000000000 
    9406                0                2.000000000 
    9411                0                2.000000000 
    9427                0                2.000000000 
    9436                0                2.000000000 
    9440                0                2.000000000 
    9455                0                2.000000000 
    9463                0                2.000000000 
    9470                1                2.000000000             SemiMu                107                   Unmatched                     107                    0.891654491

    9471                1                2.000000000             SemiMu                108                   Unmatched                     108                    0.889658511

    9472                0                2.000000000 
    9479                0                2.000000000 
    9506                0                2.000000000 
    9510                0                2.000000000 
    9524                0                2.000000000 
    9549                0                2.000000000 
    9554                0                2.000000000 
    9557                0                2.000000000 
    9560                0                2.000000000 
    9566                0                2.000000000 
    9568                0                2.000000000 
    9581                0                2.000000000 
    9582                1                2.000000000             SemiMu                109                   Unmatched                     109                    0.955962121

    9583                1                2.000000000             SemiMu                110                   Unmatched                     110                    0.892014384

    9594                0                2.000000000 
    9595                0                2.000000000 
    9616                0                2.000000000 
    9630                0                2.000000000 
    9634                0                2.000000000 
    9637                0                2.000000000 
    9638                0                2.000000000 
    9642                1                2.000000000             SemiMu                111                   Unmatched                     111                    1.457198143

    9647                0                2.000000000 
    9652                0                2.000000000 
    9654                0                2.000000000 
    9664                0                2.000000000 
    9669                0                2.000000000 
    9674                0                2.000000000 
    9683                0                2.000000000 
    9699                0                2.000000000 
    9714                0                2.000000000 
    9723                0                2.000000000 
    9729                0                2.000000000 
    9733                0                2.000000000 