  Event Nr     Extra cuts survived      Gen cos theta*        Main lhco file      MW Number (main)      TTbar splitting lhco file      MW Number (splitting)    MC scale factor

    29                  0                2.000000000 
    32                  0                2.000000000 
    1079                0                2.000000000 
    1986                0                2.000000000 
    2285                0                2.000000000 
    2567                0                2.000000000 
    2925                0                2.000000000 
    3425                0                2.000000000 
    4031                1                2.000000000             SemiMu                1                     Unmatched                     1                      0.796828270

    4631                1                2.000000000             SemiMu                2                     Unmatched                     2                      1.008006096

    4760                0                2.000000000 
    4814                0                2.000000000 
    5043                0                2.000000000 
    5154                0                2.000000000 
    5175                0                2.000000000 
    5508                0                2.000000000 
    5649                1                2.000000000             SemiMu                3                     Unmatched                     3                      0.984543145

    5943                0                2.000000000 
    6058                0                2.000000000 
    6629                1                2.000000000             SemiMu                4                     Unmatched                     4                      0.993617833

    6649                1                2.000000000             SemiMu                5                     Unmatched                     5                      0.505879581

    6883                0                2.000000000 
    7058                0                2.000000000 
    7416                1                2.000000000             SemiMu                6                     Unmatched                     6                      1.052276492

    8075                0                2.000000000 
    8124                0                2.000000000 
    8294                1                2.000000000             SemiMu                7                     Unmatched                     7                      0.895778418

    9344                0                2.000000000 
    11549               0                2.000000000 
    11711               0                2.000000000 
    12324               0                2.000000000 
    12810               0                2.000000000 
    13088               0                2.000000000 
    13520               0                2.000000000 
    13547               0                2.000000000 
    13950               0                2.000000000 
    13987               0                2.000000000 
    14125               0                2.000000000 
    14267               0                2.000000000 
    14332               0                2.000000000 
    14977               0                2.000000000 
    15056               0                2.000000000 
    15147               1                2.000000000             SemiMu                8                     Unmatched                     8                      1.459073663

    15857               0                2.000000000 
    16276               1                2.000000000             SemiMu                9                     Unmatched                     9                      0.232602388

    16638               0                2.000000000 
    17067               1                2.000000000             SemiMu                10                    Unmatched                     10                     0.914555550

    17072               0                2.000000000 
    17649               1                2.000000000             SemiMu                11                    Unmatched                     11                     0.971353590

    17969               0                2.000000000 
    18265               0                2.000000000 
    18482               0                2.000000000 
    18485               0                2.000000000 
    18588               0                2.000000000 
    18730               0                2.000000000 
    18907               0                2.000000000 
    19578               0                2.000000000 
    19726               1                2.000000000             SemiMu                12                    Unmatched                     12                     1.113227129

    19806               0                2.000000000 
    20087               0                2.000000000 
    20968               0                2.000000000 
    21413               0                2.000000000 
    21432               0                2.000000000 
    21468               0                2.000000000 
    21612               0                2.000000000 
    21920               0                2.000000000 
    21949               0                2.000000000 
    22741               0                2.000000000 
    23567               0                2.000000000 
    23697               1                2.000000000             SemiMu                13                    Unmatched                     13                     0.993733883

    23722               0                2.000000000 
    23741               0                2.000000000 
    23909               0                2.000000000 
    24621               0                2.000000000 
    24905               0                2.000000000 
    25523               0                2.000000000 
    25551               0                2.000000000 
    25989               0                2.000000000 
    26742               0                2.000000000 
    27042               0                2.000000000 
    27166               1                2.000000000             SemiMu                14                    Unmatched                     14                     0.497734845

    27974               0                2.000000000 
    29125               0                2.000000000 
    29966               0                2.000000000 
    31200               0                2.000000000 
    31477               0                2.000000000 
    31667               0                2.000000000 
    32367               1                2.000000000             SemiMu                15                    Unmatched                     15                     0.971364319

    32934               0                2.000000000 
    33648               0                2.000000000 
    33713               0                2.000000000 
    33829               0                2.000000000 
    34050               0                2.000000000 
    34076               0                2.000000000 
    35012               0                2.000000000 
    35666               0                2.000000000 
    35713               0                2.000000000 
    36636               0                2.000000000 
    36917               0                2.000000000 
    38412               0                2.000000000 
    38848               0                2.000000000 
    39022               0                2.000000000 
    39391               0                2.000000000 
    39589               1                2.000000000             SemiMu                16                    Unmatched                     16                     0.607361019

    39691               0                2.000000000 
    39808               0                2.000000000 
    40373               0                2.000000000 
    40408               0                2.000000000 
    40478               0                2.000000000 
    41282               0                2.000000000 
    41362               0                2.000000000 
    41454               0                2.000000000 
    41651               0                2.000000000 
    41816               0                2.000000000 
    43333               0                2.000000000 
    43454               0                2.000000000 
    43536               0                2.000000000 
    43728               0                2.000000000 
    43960               0                2.000000000 
    44207               0                2.000000000 
    44632               0                2.000000000 
    44670               0                2.000000000 
    44773               0                2.000000000 
    45600               0                2.000000000 
    45787               0                2.000000000 
    45820               0                2.000000000 
    45984               1                2.000000000             SemiMu                17                    Unmatched                     17                     0.992109001

    45991               0                2.000000000 
    46059               0                2.000000000 
    46236               0                2.000000000 
    46571               0                2.000000000 
    47081               0                2.000000000 
    47734               0                2.000000000 
    48778               1                2.000000000             SemiMu                18                    Unmatched                     18                     0.865170300

    49866               1                2.000000000             SemiMu                19                    Unmatched                     19                     0.972596765

    50099               0                2.000000000 
    50260               0                2.000000000 
    50384               0                2.000000000 
    50409               0                2.000000000 
    50500               0                2.000000000 
    51216               0                2.000000000 
    51426               0                2.000000000 
    51783               0                2.000000000 
    52275               0                2.000000000 
    52378               0                2.000000000 
    52747               1                2.000000000             SemiMu                20                    Unmatched                     20                     1.130827188

    53023               0                2.000000000 
    53089               0                2.000000000 
    53262               0                2.000000000 
    53545               0                2.000000000 
    53552               0                2.000000000 
    53660               0                2.000000000 
    53745               0                2.000000000 
    53752               0                2.000000000 
    53869               0                2.000000000 
    54207               0                2.000000000 
    54381               1                2.000000000             SemiMu                21                    Unmatched                     21                     0.904040158

    54405               0                2.000000000 
    54569               0                2.000000000 
    54931               0                2.000000000 
    54939               0                2.000000000 
    55069               1                2.000000000             SemiMu                22                    Unmatched                     22                     0.599410176

    55300               0                2.000000000 
    55450               0                2.000000000 
    55590               0                2.000000000 
    55902               0                2.000000000 
    55915               0                2.000000000 
    56511               0                2.000000000 
    56662               0                2.000000000 
    58318               0                2.000000000 
    58611               0                2.000000000 
    58874               1                2.000000000             SemiMu                23                    Unmatched                     23                     0.898426354

    59270               0                2.000000000 
    59356               0                2.000000000 
    59410               0                2.000000000 
    59810               0                2.000000000 
    59887               0                2.000000000 
    59993               0                2.000000000 
    60123               0                2.000000000 
    60205               0                2.000000000 
    60503               0                2.000000000 
    60605               1                2.000000000             SemiMu                24                    Unmatched                     24                     0.962390482

    60707               1                2.000000000             SemiMu                25                    Unmatched                     25                     0.941735268

    60903               0                2.000000000 
    61505               0                2.000000000 
    61641               0                2.000000000 
    62404               0                2.000000000 
    62681               0                2.000000000 
    63387               0                2.000000000 
    63825               0                2.000000000 
    63965               0                2.000000000 
    64167               1                2.000000000             SemiMu                26                    Unmatched                     26                     0.873731911

    64701               0                2.000000000 
    64795               1                2.000000000             SemiMu                27                    Unmatched                     27                     0.976840079

    64800               0                2.000000000 
    65311               0                2.000000000 
    65552               0                2.000000000 
    65826               0                2.000000000 
    66012               0                2.000000000 
    66351               0                2.000000000 
    66359               0                2.000000000 
    66789               0                2.000000000 
    67004               0                2.000000000 
    67385               0                2.000000000 
    68076               1                2.000000000             SemiMu                28                    Unmatched                     28                     0.979831815

    68393               0                2.000000000 
    68715               0                2.000000000 
    68749               0                2.000000000 
    68769               0                2.000000000 
    69161               0                2.000000000 
    70234               0                2.000000000 
    70806               0                2.000000000 
    71523               1                2.000000000             SemiMu                29                    Unmatched                     29                     0.876198888

    72046               0                2.000000000 
    72098               0                2.000000000 
    72895               0                2.000000000 
    73163               0                2.000000000 
    73317               1                2.000000000             SemiMu                30                    Unmatched                     30                     1.056765556

    73827               0                2.000000000 
    74045               0                2.000000000 
    74499               0                2.000000000 
    74607               0                2.000000000 
    74775               1                2.000000000             SemiMu                31                    Unmatched                     31                     0.934095323

    74868               0                2.000000000 
    74922               0                2.000000000 
    75297               1                2.000000000             SemiMu                32                    Unmatched                     32                     0.951053262

    75363               0                2.000000000 
    75578               0                2.000000000 
    75885               0                2.000000000 
    75899               0                2.000000000 
    76039               0                2.000000000 
    76170               0                2.000000000 
    76708               0                2.000000000 
    76841               1                2.000000000             SemiMu                33                    Unmatched                     33                     0.902586162

    76933               0                2.000000000 
    77059               0                2.000000000 
    77131               0                2.000000000 
    77516               0                2.000000000 
    77675               0                2.000000000 
    78248               0                2.000000000 
    78620               1                2.000000000             SemiMu                34                    Unmatched                     34                     0.983036935

    78667               1                2.000000000             SemiMu                35                    Unmatched                     35                     1.089971423

    78846               0                2.000000000 
    80008               0                2.000000000 
    80136               0                2.000000000 
    81538               0                2.000000000 
    81901               0                2.000000000 
    81928               0                2.000000000 
    82426               0                2.000000000 
    82450               0                2.000000000 
    82648               0                2.000000000 
    82707               0                2.000000000 
    82943               0                2.000000000 
    83435               1                2.000000000             SemiMu                36                    Unmatched                     36                     1.161645889

    85234               0                2.000000000 
    85269               0                2.000000000 
    85506               0                2.000000000 
    85580               0                2.000000000 
    85900               1                2.000000000             SemiMu                37                    Unmatched                     37                     0.400376856

    86338               1                2.000000000             SemiMu                38                    Unmatched                     38                     0.001001682

    86452               0                2.000000000 
    86828               0                2.000000000 
    86867               0                2.000000000 
    87413               0                2.000000000 
    88030               0                2.000000000 
    88122               0                2.000000000 
    88559               0                2.000000000 
    88776               0                2.000000000 
    89014               0                2.000000000 
    89147               0                2.000000000 
    89828               0                2.000000000 
    90424               0                2.000000000 
    90630               0                2.000000000 
    90882               0                2.000000000 
    91074               0                2.000000000 
    91592               0                2.000000000 
    91610               0                2.000000000 
    91822               0                2.000000000 
    91878               0                2.000000000 
    94705               1                2.000000000             SemiMu                39                    Unmatched                     39                     0.993860960

    94948               0                2.000000000 
    95209               0                2.000000000 
    95349               1                2.000000000             SemiMu                40                    Unmatched                     40                     0.791616857

    95540               0                2.000000000 
    95636               0                2.000000000 
    96049               0                2.000000000 
    96655               0                2.000000000 
    96932               0                2.000000000 
    97063               1                2.000000000             SemiMu                41                    Unmatched                     41                     0.756895721

    97116               0                2.000000000 
    97366               0                2.000000000 
    97631               0                2.000000000 
    97670               0                2.000000000 
    97681               1                2.000000000             SemiMu                42                    Unmatched                     42                     0.830890477

    97865               0                2.000000000 
    99369               0                2.000000000 
    99484               0                2.000000000 
    99848               0                2.000000000 
    100612              0                2.000000000 
    100946              0                2.000000000 
    101164              0                2.000000000 
    101558              0                2.000000000 
    102115              0                2.000000000 
    102578              0                2.000000000 
    102855              1                2.000000000             SemiMu                43                    Unmatched                     43                     0.990358174

    102993              0                2.000000000 
    103184              1                2.000000000             SemiMu                44                    Unmatched                     44                     0.956603348

    103902              0                2.000000000 
    103955              0                2.000000000 
    103967              0                2.000000000 
    104474              0                2.000000000 
    104572              0                2.000000000 
    104888              0                2.000000000 
    105250              0                2.000000000 
    105326              0                2.000000000 
    105429              0                2.000000000 
    105887              0                2.000000000 
    106131              0                2.000000000 
    106358              0                2.000000000 
    106511              0                2.000000000 
    107437              0                2.000000000 
    107846              0                2.000000000 
    107981              0                2.000000000 
    108565              0                2.000000000 
    108714              0                2.000000000 
    109569              0                2.000000000 
    109996              1                2.000000000             SemiMu                45                    Unmatched                     45                     0.961884677

    110334              0                2.000000000 
    110450              0                2.000000000 
    110693              0                2.000000000 
    110725              1                2.000000000             SemiMu                46                    Unmatched                     46                     1.176885486

    110866              0                2.000000000 
    111122              0                2.000000000 
    111322              0                2.000000000 
    111325              0                2.000000000 
    111374              0                2.000000000 
    111468              0                2.000000000 
    111504              0                2.000000000 
    111669              0                2.000000000 
    112771              1                2.000000000             SemiMu                47                    Unmatched                     47                     1.500139236

    113506              1                2.000000000             SemiMu                48                    Unmatched                     48                     0.993478000

    113963              0                2.000000000 
    114058              0                2.000000000 
    114388              0                2.000000000 
    114751              0                2.000000000 
    114803              0                2.000000000 
    114821              0                2.000000000 
    115290              0                2.000000000 
    115410              1                2.000000000             SemiMu                49                    Unmatched                     49                     1.052415729

    115587              0                2.000000000 
    115845              0                2.000000000 
    116028              0                2.000000000 
    116030              0                2.000000000 
    116161              0                2.000000000 
    116916              0                2.000000000 
    116982              0                2.000000000 
    117732              0                2.000000000 
    118138              1                2.000000000             SemiMu                50                    Unmatched                     50                     0.028915066

    118163              0                2.000000000 
    118254              0                2.000000000 
    118436              0                2.000000000 
    118503              0                2.000000000 
    118547              0                2.000000000 
    118750              0                2.000000000 
    119197              0                2.000000000 
    119411              0                2.000000000 
    119639              0                2.000000000 
    119715              0                2.000000000 
    119867              0                2.000000000 
    120023              0                2.000000000 
    120774              0                2.000000000 
    120789              0                2.000000000 
    120849              0                2.000000000 
    120875              0                2.000000000 
    121119              1                2.000000000             SemiMu                51                    Unmatched                     51                     0.934526682

    121130              1                2.000000000             SemiMu                52                    Unmatched                     52                     0.992185116

    122119              0                2.000000000 
    122131              1                2.000000000             SemiMu                53                    Unmatched                     53                     0.907936990

    122148              0                2.000000000 
    122213              1                2.000000000             SemiMu                54                    Unmatched                     54                     1.924998760

    123653              0                2.000000000 
    123656              0                2.000000000 
    123790              0                2.000000000 
    123936              0                2.000000000 
    123991              0                2.000000000 
    124214              0                2.000000000 
    124977              0                2.000000000 
    124982              0                2.000000000 
    125069              0                2.000000000 
    125983              0                2.000000000 
    126182              0                2.000000000 
    126269              0                2.000000000 
    126306              0                2.000000000 
    126449              0                2.000000000 
    126838              0                2.000000000 
    127520              0                2.000000000 
    127576              0                2.000000000 
    127704              0                2.000000000 
    128246              0                2.000000000 
    128835              0                2.000000000 
    128839              0                2.000000000 
    128939              0                2.000000000 
    129197              1                2.000000000             SemiMu                55                    Unmatched                     55                     0.981316030

    129500              1                2.000000000             SemiMu                56                    Unmatched                     56                     0.006245923

    129660              0                2.000000000 
    129798              0                2.000000000 
    129944              1                2.000000000             SemiMu                57                    Unmatched                     57                     0.947067678

    130043              0                2.000000000 
    130280              0                2.000000000 
    130614              0                2.000000000 
    130674              0                2.000000000 
    130879              0                2.000000000 
    131515              0                2.000000000 
    131750              0                2.000000000 
    131991              0                2.000000000 
    132097              0                2.000000000 
    132146              0                2.000000000 
    132367              0                2.000000000 
    132441              0                2.000000000 
    132886              0                2.000000000 
    133577              0                2.000000000 
    133705              0                2.000000000 
    134102              0                2.000000000 
    134397              1                2.000000000             SemiMu                58                    Unmatched                     58                     1.177000642

    134705              0                2.000000000 
    134716              0                2.000000000 
    134734              0                2.000000000 
    135095              0                2.000000000 
    135395              0                2.000000000 
    135654              1                2.000000000             SemiMu                59                    Unmatched                     59                     1.079239011

    135695              0                2.000000000 
    135776              0                2.000000000 
    135884              0                2.000000000 
    136570              0                2.000000000 
    137327              0                2.000000000 
    138461              0                2.000000000 
    138958              0                2.000000000 
    139766              0                2.000000000 
    140004              0                2.000000000 
    140466              0                2.000000000 
    140506              0                2.000000000 
    140575              1                2.000000000             SemiMu                60                    Unmatched                     60                     0.974172533

    140697              0                2.000000000 
    140761              0                2.000000000 
    141611              0                2.000000000 
    141681              0                2.000000000 
    141924              1                2.000000000             SemiMu                61                    Unmatched                     61                     1.327195168

    142099              0                2.000000000 
    142518              0                2.000000000 
    142810              0                2.000000000 
    143434              0                2.000000000 
    143475              0                2.000000000 
    143706              0                2.000000000 
    143763              0                2.000000000 
    144003              0                2.000000000 
    144033              0                2.000000000 
    144039              0                2.000000000 
    144193              0                2.000000000 
    144863              0                2.000000000 
    145726              0                2.000000000 
    146438              0                2.000000000 
    146791              0                2.000000000 
    147090              1                2.000000000             SemiMu                62                    Unmatched                     62                     0.972193837

    147164              0                2.000000000 
    147901              0                2.000000000 
    147966              0                2.000000000 
    149035              0                2.000000000 
    149195              0                2.000000000 
    149451              0                2.000000000 
    149822              1                2.000000000             SemiMu                63                    Unmatched                     63                     0.884962857

    150501              0                2.000000000 
    150778              0                2.000000000 
    150879              0                2.000000000 
    151380              1                2.000000000             SemiMu                64                    Unmatched                     64                     0.905071378

    151740              0                2.000000000 
    152215              0                2.000000000 
    152377              0                2.000000000 
    152524              0                2.000000000 
    152919              1                2.000000000             SemiMu                65                    Unmatched                     65                     1.302789211

    153658              0                2.000000000 
    153712              1                2.000000000             SemiMu                66                    Unmatched                     66                     1.002633333

    153903              1                2.000000000             SemiMu                67                    Unmatched                     67                     0.601944447

    153944              0                2.000000000 
    154934              0                2.000000000 
    155286              0                2.000000000 
    155639              0                2.000000000 
    156098              0                2.000000000 
    156162              0                2.000000000 
    156180              0                2.000000000 
    156257              0                2.000000000 
    156403              0                2.000000000 
    156566              0                2.000000000 
    156837              0                2.000000000 
    157689              0                2.000000000 
    157876              0                2.000000000 
    157897              0                2.000000000 
    159110              1                2.000000000             SemiMu                68                    Unmatched                     68                     0.166704401

    159271              0                2.000000000 
    159434              0                2.000000000 
    159449              1                2.000000000             SemiMu                69                    Unmatched                     69                     0.789016604

    159787              1                2.000000000             SemiMu                70                    Unmatched                     70                     0.932044506

    159845              0                2.000000000 
    160202              0                2.000000000 
    160223              0                2.000000000 
    160316              1                2.000000000             SemiMu                71                    Unmatched                     71                     1.387632012

    160545              0                2.000000000 
    160787              0                2.000000000 
    160926              0                2.000000000 
    160996              0                2.000000000 
    161358              0                2.000000000 
    161814              0                2.000000000 
    161824              0                2.000000000 
    161865              0                2.000000000 
    162202              0                2.000000000 
    162510              0                2.000000000 
    162922              0                2.000000000 
    163383              0                2.000000000 
    163484              0                2.000000000 
    163972              0                2.000000000 
    164114              0                2.000000000 
    164522              0                2.000000000 
    164593              0                2.000000000 
    165300              0                2.000000000 
    165387              0                2.000000000 
    165428              0                2.000000000 
    165831              0                2.000000000 
    166455              0                2.000000000 
    166697              1                2.000000000             SemiMu                72                    Unmatched                     72                     0.977195382

    166916              0                2.000000000 
    167036              1                2.000000000             SemiMu                73                    Unmatched                     73                     1.005605102

    167198              0                2.000000000 
    167238              0                2.000000000 
    167493              0                2.000000000 
    167804              0                2.000000000 
    168114              0                2.000000000 
    168153              0                2.000000000 
    168154              0                2.000000000 
    168442              0                2.000000000 
    169339              0                2.000000000 
    169728              0                2.000000000 
    170193              0                2.000000000 
    170296              1                2.000000000             SemiMu                74                    Unmatched                     74                     0.834250331

    170477              1                2.000000000             SemiMu                75                    Unmatched                     75                     0.794494212

    170999              0                2.000000000 
    171339              0                2.000000000 
    171764              0                2.000000000 
    171887              0                2.000000000 
    171931              0                2.000000000 
    171951              0                2.000000000 
    172481              0                2.000000000 
    172507              0                2.000000000 
    172512              1                2.000000000             SemiMu                76                    Unmatched                     76                     0.889451861

    172826              1                2.000000000             SemiMu                77                    Unmatched                     77                     1.110752344

    173089              0                2.000000000 
    173433              1                2.000000000             SemiMu                78                    Unmatched                     78                     1.688154936

    173466              0                2.000000000 
    173816              0                2.000000000 
    175133              0                2.000000000 
    175508              0                2.000000000 
    175740              0                2.000000000 
    175804              0                2.000000000 
    175866              1                2.000000000             SemiMu                79                    Unmatched                     79                     0.310516000

    176274              0                2.000000000 
    176400              0                2.000000000 
    177066              0                2.000000000 
    177171              0                2.000000000 
    177707              0                2.000000000 
    177823              0                2.000000000 
    177928              0                2.000000000 
    178175              0                2.000000000 
    178424              0                2.000000000 
    178527              0                2.000000000 
    178544              0                2.000000000 
    178905              0                2.000000000 
    179648              1                2.000000000             SemiMu                80                    Unmatched                     80                     0.891438127

    179984              0                2.000000000 
    180310              0                2.000000000 
    180633              0                2.000000000 
    180675              0                2.000000000 
    180778              0                2.000000000 
    180896              0                2.000000000 
    180957              0                2.000000000 
    181052              0                2.000000000 
    181168              1                2.000000000             SemiMu                81                    Unmatched                     81                     0.983642220

    181392              1                2.000000000             SemiMu                82                    Unmatched                     82                     0.898733020

    181532              1                2.000000000             SemiMu                83                    Unmatched                     83                     0.893196106

    182160              1                2.000000000             SemiMu                84                    Unmatched                     84                     0.528582036

    182177              0                2.000000000 
    182259              0                2.000000000 
    182846              1                2.000000000             SemiMu                85                    Unmatched                     85                     0.939234138

    183508              0                2.000000000 
    183803              1                2.000000000             SemiMu                86                    Unmatched                     86                     1.497841597

    184530              0                2.000000000 
    184719              0                2.000000000 
    184840              0                2.000000000 
    185395              0                2.000000000 
    185448              0                2.000000000 
    185950              0                2.000000000 
    186054              0                2.000000000 
    186249              0                2.000000000 
    186673              0                2.000000000 
    187123              0                2.000000000 
    187288              0                2.000000000 
    188015              0                2.000000000 
    188026              1                2.000000000             SemiMu                87                    Unmatched                     87                     0.405255765

    188124              0                2.000000000 
    188893              0                2.000000000 
    190148              0                2.000000000 
    190280              1                2.000000000             SemiMu                88                    Unmatched                     88                     1.313932180

    190777              0                2.000000000 
    190990              0                2.000000000 
    191190              0                2.000000000 
    191318              0                2.000000000 
    191602              0                2.000000000 
    191750              0                2.000000000 
    192007              1                2.000000000             SemiMu                89                    Unmatched                     89                     0.414362997

    192263              0                2.000000000 
    192327              0                2.000000000 
    192778              0                2.000000000 
    193301              0                2.000000000 
    193936              0                2.000000000 
    194021              1                2.000000000             SemiMu                90                    Unmatched                     90                     0.898761809

    194023              0                2.000000000 
    194239              0                2.000000000 
    194449              0                2.000000000 
    194474              0                2.000000000 
    194540              0                2.000000000 
    194922              0                2.000000000 
    195259              1                2.000000000             SemiMu                91                    Unmatched                     91                     1.297356844

    195619              1                2.000000000             SemiMu                92                    Unmatched                     92                     0.875933349

    196481              0                2.000000000 
    196832              0                2.000000000 
    197192              0                2.000000000 
    197231              0                2.000000000 
    197242              0                2.000000000 
    197368              1                2.000000000             SemiMu                93                    Unmatched                     93                     0.918429673

    198232              0                2.000000000 
    198552              0                2.000000000 
    198614              0                2.000000000 
    198969              0                2.000000000 
    199798              0                2.000000000 
    200000              1                2.000000000             SemiMu                94                    Unmatched                     94                     0.928899467

    200148              1                2.000000000             SemiMu                95                    Unmatched                     95                     0.498831511

    200597              0                2.000000000 
    200725              0                2.000000000 
    201160              0                2.000000000 
    201436              0                2.000000000 
    201656              0                2.000000000 
    201786              0                2.000000000 
    201902              0                2.000000000 
    202526              0                2.000000000 
    202595              0                2.000000000 
    202791              0                2.000000000 
    202899              1                2.000000000             SemiMu                96                    Unmatched                     96                     1.112710834

    203112              0                2.000000000 
    203410              0                2.000000000 
    204111              1                2.000000000             SemiMu                97                    Unmatched                     97                     0.781690061

    204210              0                2.000000000 
    204850              0                2.000000000 
    204932              0                2.000000000 
    205338              0                2.000000000 
    205394              0                2.000000000 
    205421              1                2.000000000             SemiMu                98                    Unmatched                     98                     0.952788591

    205965              0                2.000000000 
    206000              0                2.000000000 
    206036              0                2.000000000 
    206112              0                2.000000000 
    206684              0                2.000000000 
    206770              0                2.000000000 
    207000              0                2.000000000 
    207340              1                2.000000000             SemiMu                99                    Unmatched                     99                     0.232549593

    207591              0                2.000000000 
    208026              1                2.000000000             SemiMu                100                   Unmatched                     100                    0.961292386

    208349              0                2.000000000 
    208614              0                2.000000000 
    208705              0                2.000000000 
    208972              0                2.000000000 
    209315              1                2.000000000             SemiMu                101                   Unmatched                     101                    0.991777837

    209669              1                2.000000000             SemiMu                102                   Unmatched                     102                    0.996827245

    209709              0                2.000000000 
    209745              0                2.000000000 
    210035              0                2.000000000 
    210525              0                2.000000000 
    210677              0                2.000000000 
    211037              0                2.000000000 
    211623              0                2.000000000 
    211875              0                2.000000000 
    212054              0                2.000000000 
    212473              0                2.000000000 
    212553              0                2.000000000 
    212983              0                2.000000000 
    213274              1                2.000000000             SemiMu                103                   Unmatched                     103                    0.393391371

    213747              0                2.000000000 
    213827              0                2.000000000 
    213913              0                2.000000000 
    214350              0                2.000000000 
    214471              1                2.000000000             SemiMu                104                   Unmatched                     104                    0.972282529

    214481              0                2.000000000 
    214519              0                2.000000000 
    214869              0                2.000000000 
    215015              1                2.000000000             SemiMu                105                   Unmatched                     105                    0.921644926

    216246              0                2.000000000 
    217027              0                2.000000000 
    217284              0                2.000000000 
    217368              0                2.000000000 
    217879              0                2.000000000 
    217914              0                2.000000000 
    219279              0                2.000000000 
    219490              0                2.000000000 
    220455              0                2.000000000 
    221003              0                2.000000000 
    221309              1                2.000000000             SemiMu                106                   Unmatched                     106                    0.963000417

    221597              0                2.000000000 
    222128              0                2.000000000 
    222935              0                2.000000000 
    223489              0                2.000000000 
    223811              1                2.000000000             SemiMu                107                   Unmatched                     107                    0.885712981

    223842              0                2.000000000 
    224069              0                2.000000000 
    224593              0                2.000000000 
    224841              0                2.000000000 
    225107              0                2.000000000 
    225819              0                2.000000000 
    225912              0                2.000000000 
    227122              0                2.000000000 
    227734              0                2.000000000 
    227801              0                2.000000000 
    228546              0                2.000000000 
    228713              0                2.000000000 
    229093              0                2.000000000 
    229095              0                2.000000000 
    229714              0                2.000000000 
    231126              0                2.000000000 
    231402              0                2.000000000 
    232035              0                2.000000000 
    232171              0                2.000000000 
    232904              0                2.000000000 
    233417              0                2.000000000 
    233436              0                2.000000000 
    235410              0                2.000000000 
    235494              0                2.000000000 
    235708              0                2.000000000 
    235715              0                2.000000000 
    236853              0                2.000000000 
    238165              0                2.000000000 
    238550              0                2.000000000 
    239210              0                2.000000000 
    239414              0                2.000000000 
    239936              0                2.000000000 
    240127              0                2.000000000 
    240180              0                2.000000000 
    240479              0                2.000000000 
    240624              0                2.000000000 
    241032              0                2.000000000 
    241894              0                2.000000000 
    242313              0                2.000000000 
    242331              0                2.000000000 
    243041              1                2.000000000             SemiMu                108                   Unmatched                     108                    0.984702647

    243364              0                2.000000000 
    243851              0                2.000000000 
    243883              0                2.000000000 
    244102              0                2.000000000 
    244330              0                2.000000000 
    244899              0                2.000000000 
    245791              0                2.000000000 
    245914              0                2.000000000 
    246219              0                2.000000000 
    246251              0                2.000000000 
    246309              0                2.000000000 
    246647              0                2.000000000 
    246719              1                2.000000000             SemiMu                109                   Unmatched                     109                    0.398854405

    246763              0                2.000000000 
    247177              0                2.000000000 
    247702              1                2.000000000             SemiMu                110                   Unmatched                     110                    0.794807315

    247753              0                2.000000000 
    247986              0                2.000000000 
    249261              0                2.000000000 
    249753              0                2.000000000 
    249883              0                2.000000000 
    250350              0                2.000000000 
    250421              0                2.000000000 
    250749              0                2.000000000 
    250847              0                2.000000000 
    250861              1                2.000000000             SemiMu                111                   Unmatched                     111                    1.008847594

    251435              0                2.000000000 
    251532              0                2.000000000 
    252183              0                2.000000000 
    252380              0                2.000000000 
    252489              0                2.000000000 
    252520              0                2.000000000 
    252564              0                2.000000000 
    252705              0                2.000000000 
    253328              0                2.000000000 
    253330              1                2.000000000             SemiMu                112                   Unmatched                     112                    0.980814517

    253603              0                2.000000000 
    253741              0                2.000000000 
    253976              0                2.000000000 
    254011              0                2.000000000 
    254172              0                2.000000000 
    254726              0                2.000000000 
    255101              0                2.000000000 
    255831              0                2.000000000 
    256182              1                2.000000000             SemiMu                113                   Unmatched                     113                    1.008177161

    256431              0                2.000000000 
    256671              1                2.000000000             SemiMu                114                   Unmatched                     114                    0.938767135

    256727              1                2.000000000             SemiMu                115                   Unmatched                     115                    0.518183470

    256848              0                2.000000000 
    257130              0                2.000000000 
    257226              1                2.000000000             SemiMu                116                   Unmatched                     116                    1.003124475

    257363              0                2.000000000 
    258378              0                2.000000000 
    258877              0                2.000000000 
    259442              1                2.000000000             SemiMu                117                   Unmatched                     117                    0.975998282

    259951              1                2.000000000             SemiMu                118                   Unmatched                     118                    0.890566230

    260411              1                2.000000000             SemiMu                119                   Unmatched                     119                    0.926100433

    260708              0                2.000000000 
    260730              0                2.000000000 
    260761              0                2.000000000 
    260924              0                2.000000000 
    260964              0                2.000000000 
    261289              0                2.000000000 
    261432              0                2.000000000 
    261672              0                2.000000000 
    261740              1                2.000000000             SemiMu                120                   Unmatched                     120                    0.690989792

    261962              0                2.000000000 
    262281              0                2.000000000 
    262554              0                2.000000000 
    263430              0                2.000000000 
    263753              0                2.000000000 
    263876              0                2.000000000 
    264529              0                2.000000000 
    264698              0                2.000000000 
    264803              0                2.000000000 
    265042              0                2.000000000 
    265073              0                2.000000000 
    265142              1                2.000000000             SemiMu                121                   Unmatched                     121                    0.894236326

    265308              0                2.000000000 
    265457              0                2.000000000 
    266121              0                2.000000000 
    266145              0                2.000000000 
    266564              0                2.000000000 
    267176              0                2.000000000 
    267521              0                2.000000000 
    267702              1                2.000000000             SemiMu                122                   Unmatched                     122                    0.792923570

    267997              1                2.000000000             SemiMu                123                   Unmatched                     123                    0.894376874

    267998              0                2.000000000 
    268029              0                2.000000000 
    268285              0                2.000000000 
    268791              0                2.000000000 
    268939              0                2.000000000 
    269200              0                2.000000000 
    269533              0                2.000000000 
    269568              0                2.000000000 
    270332              0                2.000000000 
    270383              1                2.000000000             SemiMu                124                   Unmatched                     124                    0.974115968

    270693              0                2.000000000 
    271548              0                2.000000000 
    272160              0                2.000000000 
    272461              0                2.000000000 
    272654              0                2.000000000 
    272848              0                2.000000000 
    273061              0                2.000000000 
    273464              0                2.000000000 
    273543              0                2.000000000 
    274019              0                2.000000000 
    274091              0                2.000000000 
    274443              0                2.000000000 
    274821              0                2.000000000 
    275247              0                2.000000000 
    275352              0                2.000000000 
    275357              0                2.000000000 
    275517              0                2.000000000 
    275996              0                2.000000000 
    276065              0                2.000000000 
    276242              0                2.000000000 
    276485              0                2.000000000 
    276688              0                2.000000000 
    277330              0                2.000000000 
    277638              0                2.000000000 
    277751              0                2.000000000 
    277774              0                2.000000000 
    277846              0                2.000000000 
    277888              0                2.000000000 
    277992              0                2.000000000 
    278262              0                2.000000000 
    278760              0                2.000000000 
    279274              0                2.000000000 
    279353              0                2.000000000 
    279695              0                2.000000000 
    280160              0                2.000000000 
    280279              0                2.000000000 
    280347              0                2.000000000 
    280650              0                2.000000000 
    281826              0                2.000000000 
    282085              0                2.000000000 
    282991              0                2.000000000 
    283303              0                2.000000000 
    283489              0                2.000000000 
    284100              0                2.000000000 
    284139              1                2.000000000             SemiMu                125                   Unmatched                     125                    0.813484907

    284253              0                2.000000000 
    284669              0                2.000000000 
    284741              0                2.000000000 
    284840              0                2.000000000 
    284913              0                2.000000000 
    285312              0                2.000000000 
    285483              0                2.000000000 
    285970              0                2.000000000 
    287072              0                2.000000000 
    287341              0                2.000000000 
    288227              0                2.000000000 
    288323              0                2.000000000 
    288872              0                2.000000000 
    288933              0                2.000000000 
    288956              0                2.000000000 
    289263              0                2.000000000 
    289295              0                2.000000000 
    289797              0                2.000000000 
    290262              0                2.000000000 
    290416              0                2.000000000 
    290499              0                2.000000000 
    290654              1                2.000000000             SemiMu                126                   Unmatched                     126                    0.893972695

    290662              1                2.000000000             SemiMu                127                   Unmatched                     127                    0.898298800

    290807              0                2.000000000 
    291327              0                2.000000000 
    291344              0                2.000000000 
    291766              0                2.000000000 
    291936              0                2.000000000 
    292204              0                2.000000000 
    292271              0                2.000000000 
    292701              0                2.000000000 
    292805              0                2.000000000 
    293028              0                2.000000000 
    293294              0                2.000000000 
    293531              1                2.000000000             SemiMu                128                   Unmatched                     128                    0.505270779

    293569              0                2.000000000 
    293698              0                2.000000000 
    294019              0                2.000000000 
    295048              0                2.000000000 
    295144              0                2.000000000 
    295329              0                2.000000000 
    295677              0                2.000000000 
    295903              0                2.000000000 
    296224              0                2.000000000 
    296631              0                2.000000000 
    296894              0                2.000000000 
    297032              0                2.000000000 
    297137              0                2.000000000 
    297488              0                2.000000000 
    297498              1                2.000000000             SemiMu                129                   Unmatched                     129                    0.903726995

    297727              0                2.000000000 
    297793              0                2.000000000 
    298007              0                2.000000000 
    298189              1                2.000000000             SemiMu                130                   Unmatched                     130                    0.971061349

    299339              0                2.000000000 
    299607              0                2.000000000 
    299884              0                2.000000000 
    300620              0                2.000000000 
    300757              0                2.000000000 
    300907              0                2.000000000 
    301010              0                2.000000000 
    301116              0                2.000000000 
    301250              0                2.000000000 
    301561              0                2.000000000 
    301620              0                2.000000000 
    302122              0                2.000000000 
    302866              0                2.000000000 
    302972              0                2.000000000 
    302982              0                2.000000000 
    303311              0                2.000000000 
    303369              0                2.000000000 
    303491              0                2.000000000 
    303912              0                2.000000000 
    304689              0                2.000000000 
    304803              0                2.000000000 
    305633              0                2.000000000 
    306266              0                2.000000000 
    306830              0                2.000000000 
    306857              0                2.000000000 
    306922              0                2.000000000 
    307026              0                2.000000000 
    307266              1                2.000000000             SemiMu                131                   Unmatched                     131                    1.056134224

    307400              0                2.000000000 
    309461              1                2.000000000             SemiMu                132                   Unmatched                     132                    0.976834238

    309632              1                2.000000000             SemiMu                133                   Unmatched                     133                    1.134423256

    309675              0                2.000000000 
    309816              0                2.000000000 
    311337              0                2.000000000 
    311359              1                2.000000000             SemiMu                134                   Unmatched                     134                    0.704019487

    311392              0                2.000000000 
    311496              0                2.000000000 
    311502              0                2.000000000 
    311815              0                2.000000000 
    312325              0                2.000000000 
    312579              0                2.000000000 
    312689              0                2.000000000 
    312938              0                2.000000000 
    313204              0                2.000000000 
    313341              0                2.000000000 
    313400              0                2.000000000 
    313431              0                2.000000000 
    313686              1                2.000000000             SemiMu                135                   Unmatched                     135                    0.949685097

    313798              0                2.000000000 
    314171              0                2.000000000 
    314443              0                2.000000000 
    314539              0                2.000000000 
    314641              0                2.000000000 
    314957              0                2.000000000 
    315276              0                2.000000000 
    316261              0                2.000000000 
    316401              0                2.000000000 
    316660              0                2.000000000 
    316850              0                2.000000000 
    316921              0                2.000000000 
    317304              0                2.000000000 
    317646              0                2.000000000 
    317679              0                2.000000000 
    317738              0                2.000000000 
    318379              1                2.000000000             SemiMu                136                   Unmatched                     136                    0.929284453

    318540              0                2.000000000 
    318567              0                2.000000000 
    318894              1                2.000000000             SemiMu                137                   Unmatched                     137                    0.797990322

    319212              0                2.000000000 
    319305              1                2.000000000             SemiMu                138                   Unmatched                     138                    1.052675962

    319441              0                2.000000000 
    319804              0                2.000000000 
    320439              0                2.000000000 
    320718              0                2.000000000 
    320729              0                2.000000000 
    321080              0                2.000000000 
    321163              0                2.000000000 
    321300              0                2.000000000 
    322088              0                2.000000000 
    322581              0                2.000000000 
    322911              1                2.000000000             SemiMu                139                   Unmatched                     139                    0.888623953

    323368              1                2.000000000             SemiMu                140                   Unmatched                     140                    0.992722690

    323944              0                2.000000000 
    324549              0                2.000000000 
    324650              0                2.000000000 
    325342              0                2.000000000 
    325574              0                2.000000000 
    325641              0                2.000000000 
    326201              0                2.000000000 
    326654              0                2.000000000 
    326905              0                2.000000000 
    327383              1                2.000000000             SemiMu                141                   Unmatched                     141                    0.078424118

    328206              0                2.000000000 
    328319              0                2.000000000 
    328482              0                2.000000000 
    328580              0                2.000000000 
    328635              0                2.000000000 
    328847              0                2.000000000 
    328939              0                2.000000000 
    328997              0                2.000000000 
    329709              0                2.000000000 
    329764              0                2.000000000 
    329977              0                2.000000000 
    330123              0                2.000000000 
    330132              0                2.000000000 
    330162              1                2.000000000             SemiMu                142                   Unmatched                     142                    1.097076178

    330644              1                2.000000000             SemiMu                143                   Unmatched                     143                    0.980459392

    330825              0                2.000000000 
    330924              0                2.000000000 
    331143              0                2.000000000 
    331345              0                2.000000000 
    331384              0                2.000000000 
    331481              0                2.000000000 
    331571              0                2.000000000 
    331602              1                2.000000000             SemiMu                144                   Unmatched                     144                    0.891424894

    332351              0                2.000000000 
    332532              0                2.000000000 
    332606              0                2.000000000 
    332647              0                2.000000000 
    332771              0                2.000000000 
    332804              0                2.000000000 
    333103              0                2.000000000 
    333207              0                2.000000000 
    333325              0                2.000000000 
    333639              0                2.000000000 
    334064              0                2.000000000 
    334231              0                2.000000000 
    334291              1                2.000000000             SemiMu                145                   Unmatched                     145                    1.302696109

    334332              0                2.000000000 
    334533              0                2.000000000 
    334728              0                2.000000000 
    335008              0                2.000000000 
    335162              0                2.000000000 
    335217              1                2.000000000             SemiMu                146                   Unmatched                     146                    0.975348890

    335464              0                2.000000000 
    335635              0                2.000000000 
    335681              0                2.000000000 
    335737              0                2.000000000 
    335919              0                2.000000000 
    336463              0                2.000000000 
    336551              0                2.000000000 
    336953              0                2.000000000 
    337159              1                2.000000000             SemiMu                147                   Unmatched                     147                    0.461801767

    337191              0                2.000000000 
    337264              0                2.000000000 
    337717              0                2.000000000 
    339165              0                2.000000000 
    339677              0                2.000000000 
    340269              0                2.000000000 
    340282              1                2.000000000             SemiMu                148                   Unmatched                     148                    1.457168102

    340376              0                2.000000000 
    340388              0                2.000000000 
    340581              0                2.000000000 
    341369              0                2.000000000 
    341856              0                2.000000000 
    342483              0                2.000000000 
    342558              0                2.000000000 
    342993              0                2.000000000 
    343011              0                2.000000000 
    343259              0                2.000000000 
    343331              0                2.000000000 
    343730              0                2.000000000 
    344245              0                2.000000000 
    344454              0                2.000000000 
    345345              0                2.000000000 
    345996              0                2.000000000 
    346924              0                2.000000000 
    347003              0                2.000000000 
    347017              0                2.000000000 
    347355              0                2.000000000 
    347505              0                2.000000000 
    347897              0                2.000000000 
    348166              0                2.000000000 
    348196              0                2.000000000 
    348246              0                2.000000000 
    348546              0                2.000000000 
    348635              0                2.000000000 
    348766              0                2.000000000 
    349352              0                2.000000000 
    349366              0                2.000000000 
    349415              0                2.000000000 
    349776              0                2.000000000 
    350395              0                2.000000000 
    350710              0                2.000000000 
    350895              0                2.000000000 
    350954              0                2.000000000 
    351697              0                2.000000000 
    352032              0                2.000000000 
    352419              0                2.000000000 
    352574              0                2.000000000 
    352689              0                2.000000000 
    352794              0                2.000000000 
    353608              0                2.000000000 
    353714              1                2.000000000             SemiMu                149                   Unmatched                     149                    0.975667596

    354073              0                2.000000000 
    354149              0                2.000000000 
    354564              0                2.000000000 
    354878              1                2.000000000             SemiMu                150                   Unmatched                     150                    0.990873396

    355112              0                2.000000000 
    355901              0                2.000000000 
    356538              0                2.000000000 
    356611              0                2.000000000 
    357188              0                2.000000000 
    357681              0                2.000000000 
    358077              0                2.000000000 
    358154              0                2.000000000 
    358155              0                2.000000000 
    358292              0                2.000000000 
    358677              0                2.000000000 
    358978              0                2.000000000 
    359280              0                2.000000000 
    359756              0                2.000000000 
    359779              0                2.000000000 
    360032              0                2.000000000 
    360313              1                2.000000000             SemiMu                151                   Unmatched                     151                    0.018070705

    360316              0                2.000000000 
    360567              0                2.000000000 
    360634              0                2.000000000 
    360939              0                2.000000000 
    361037              0                2.000000000 
    361662              0                2.000000000 
    362566              0                2.000000000 
    362750              0                2.000000000 
    363647              0                2.000000000 
    364033              0                2.000000000 
    364150              0                2.000000000 
    364854              0                2.000000000 
    365065              0                2.000000000 
    366713              0                2.000000000 
    366920              0                2.000000000 
    368110              0                2.000000000 
    368275              0                2.000000000 
    368879              0                2.000000000 
    369034              0                2.000000000 
    369342              0                2.000000000 
    369747              0                2.000000000 
    370449              0                2.000000000 
    370876              0                2.000000000 
    371029              0                2.000000000 
    371137              0                2.000000000 
    371460              0                2.000000000 
    371537              0                2.000000000 
    372151              0                2.000000000 
    372429              0                2.000000000 
    372830              0                2.000000000 
    373013              1                2.000000000             SemiMu                152                   Unmatched                     152                    0.954920948

    373873              0                2.000000000 
    373930              0                2.000000000 
    373961              0                2.000000000 
    374167              0                2.000000000 
    375243              0                2.000000000 
    375264              0                2.000000000 
    375358              0                2.000000000 
    375956              0                2.000000000 
    376012              0                2.000000000 
    376522              0                2.000000000 
    376730              0                2.000000000 
    377255              0                2.000000000 
    377551              0                2.000000000 
    377968              0                2.000000000 
    378300              0                2.000000000 
    378948              0                2.000000000 
    379027              0                2.000000000 
    379104              0                2.000000000 
    380114              0                2.000000000 
    380681              0                2.000000000 
    380730              0                2.000000000 
    381171              0                2.000000000 
    381240              0                2.000000000 
    381776              1                2.000000000             SemiMu                153                   Unmatched                     153                    0.487262577

    381830              0                2.000000000 
    381949              0                2.000000000 
    382309              0                2.000000000 
    382941              0                2.000000000 
    383734              1                2.000000000             SemiMu                154                   Unmatched                     154                    0.872396410

    384270              1                2.000000000             SemiMu                155                   Unmatched                     155                    0.881259084

    384441              0                2.000000000 
    384536              0                2.000000000 
    384724              0                2.000000000 
    384970              0                2.000000000 
    385120              1                2.000000000             SemiMu                156                   Unmatched                     156                    0.907783508

    385445              0                2.000000000 
    386317              0                2.000000000 
    386724              0                2.000000000 
    386748              0                2.000000000 
    387185              0                2.000000000 
    387437              0                2.000000000 
    388982              0                2.000000000 
    389987              0                2.000000000 
    390196              0                2.000000000 
    390207              0                2.000000000 
    390265              0                2.000000000 
    390673              0                2.000000000 
    391595              0                2.000000000 
    392382              0                2.000000000 
    392433              0                2.000000000 
    392604              0                2.000000000 
    392731              0                2.000000000 
    393032              1                2.000000000             SemiMu                157                   Unmatched                     157                    1.169709802

    393160              0                2.000000000 
    393178              0                2.000000000 
    393305              1                2.000000000             SemiMu                158                   Unmatched                     158                    0.620768428

    394024              0                2.000000000 
    394124              0                2.000000000 
    394130              1                2.000000000             SemiMu                159                   Unmatched                     159                    0.918618441

    394398              0                2.000000000 
    394418              0                2.000000000 
    394901              1                2.000000000             SemiMu                160                   Unmatched                     160                    0.819501638

    395096              0                2.000000000 
    395362              1                2.000000000             SemiMu                161                   Unmatched                     161                    1.078922391

    395644              0                2.000000000 
    395901              0                2.000000000 
    395984              1                2.000000000             SemiMu                162                   Unmatched                     162                    0.970762134

    396013              0                2.000000000 
    397472              0                2.000000000 
    398067              0                2.000000000 
    398163              0                2.000000000 
    398197              0                2.000000000 
    398768              1                2.000000000             SemiMu                163                   Unmatched                     163                    0.601724863

    398785              0                2.000000000 
    399454              0                2.000000000 
    399679              1                2.000000000             SemiMu                164                   Unmatched                     164                    0.943924785

    399920              0                2.000000000 
    399966              0                2.000000000 
    400814              0                2.000000000 
    400911              1                2.000000000             SemiMu                165                   Unmatched                     165                    0.924593806

    401573              1                2.000000000             SemiMu                166                   Unmatched                     166                    1.421498656

    401586              0                2.000000000 
    401718              0                2.000000000 
    401986              0                2.000000000 
    402187              0                2.000000000 
    402606              0                2.000000000 
    402955              1                2.000000000             SemiMu                167                   Unmatched                     167                    0.974006474

    403149              0                2.000000000 
    403161              0                2.000000000 
    403362              0                2.000000000 
    403772              0                2.000000000 
    403933              0                2.000000000 
    404073              0                2.000000000 
    404124              0                2.000000000 
    404699              0                2.000000000 
    404958              0                2.000000000 
    405211              0                2.000000000 
    405331              0                2.000000000 
    405786              0                2.000000000 
    406281              0                2.000000000 
    406368              0                2.000000000 
    406718              0                2.000000000 
    406723              0                2.000000000 
    407367              0                2.000000000 
    407858              1                2.000000000             SemiMu                168                   Unmatched                     168                    0.029705271

    408141              0                2.000000000 
    408218              0                2.000000000 
    408245              0                2.000000000 
    408471              1                2.000000000             SemiMu                169                   Unmatched                     169                    0.961184204

    409003              0                2.000000000 
    409602              0                2.000000000 
    409685              0                2.000000000 
    409852              0                2.000000000 
    410281              0                2.000000000 
    410303              0                2.000000000 
    410724              0                2.000000000 
    412081              0                2.000000000 
    412354              0                2.000000000 
    412470              0                2.000000000 
    412531              0                2.000000000 
    412748              0                2.000000000 
    413249              1                2.000000000             SemiMu                170                   Unmatched                     170                    0.930635571

    413745              0                2.000000000 
    413821              0                2.000000000 
    413988              0                2.000000000 
    414134              0                2.000000000 
    414424              0                2.000000000 
    414440              0                2.000000000 
    414545              0                2.000000000 
    414745              0                2.000000000 
    415421              0                2.000000000 
    415457              0                2.000000000 
    415575              0                2.000000000 
    415929              1                2.000000000             SemiMu                171                   Unmatched                     171                    0.896975398

    416107              0                2.000000000 
    416140              1                2.000000000             SemiMu                172                   Unmatched                     172                    0.503282666

    416380              0                2.000000000 
    416881              0                2.000000000 
    417392              0                2.000000000 
    417587              0                2.000000000 
    418064              0                2.000000000 
    418065              0                2.000000000 
    418490              0                2.000000000 
    419183              1                2.000000000             SemiMu                173                   Unmatched                     173                    0.170220152

    419349              1                2.000000000             SemiMu                174                   Unmatched                     174                    0.488092929

    419763              0                2.000000000 
    419803              0                2.000000000 
    419871              0                2.000000000 
    420155              0                2.000000000 
    420286              0                2.000000000 
    420316              0                2.000000000 
    420504              0                2.000000000 
    421119              0                2.000000000 
    421172              0                2.000000000 
    421379              0                2.000000000 
    421448              0                2.000000000 
    422935              0                2.000000000 
    422979              0                2.000000000 
    423046              0                2.000000000 
    423201              0                2.000000000 
    424171              0                2.000000000 
    424671              0                2.000000000 
    424787              0                2.000000000 
    424828              0                2.000000000 
    424842              0                2.000000000 
    424886              0                2.000000000 
    425036              0                2.000000000 
    425436              0                2.000000000 
    425579              0                2.000000000 
    425670              0                2.000000000 
    425682              0                2.000000000 
    426388              0                2.000000000 
    426531              0                2.000000000 
    427543              0                2.000000000 
    428714              0                2.000000000 
    428907              0                2.000000000 
    428987              1                2.000000000             SemiMu                175                   Unmatched                     175                    1.325252771

    429127              0                2.000000000 
    429823              0                2.000000000 
    429991              0                2.000000000 
    429994              0                2.000000000 
    430240              0                2.000000000 
    430350              0                2.000000000 
    430494              0                2.000000000 
    430805              0                2.000000000 
    431732              0                2.000000000 
    431827              0                2.000000000 
    431880              0                2.000000000 
    432873              0                2.000000000 
    432984              0                2.000000000 
    433554              0                2.000000000 
    433558              0                2.000000000 
    434308              0                2.000000000 
    434437              0                2.000000000 
    434885              0                2.000000000 
    434940              0                2.000000000 
    435086              0                2.000000000 
    435553              0                2.000000000 
    435843              0                2.000000000 
    435858              0                2.000000000 
    436042              0                2.000000000 
    436645              0                2.000000000 
    437568              0                2.000000000 
    438738              0                2.000000000 
    438870              1                2.000000000             SemiMu                176                   Unmatched                     176                    1.008255959

    439610              0                2.000000000 
    440291              0                2.000000000 
    440591              0                2.000000000 
    441426              1                2.000000000             SemiMu                177                   Unmatched                     177                    0.596708536

    441676              0                2.000000000 
    442001              0                2.000000000 
    442316              0                2.000000000 
    442382              0                2.000000000 
    442559              0                2.000000000 
    442806              0                2.000000000 
    443063              0                2.000000000 
    443092              0                2.000000000 
    443400              0                2.000000000 
    443687              0                2.000000000 
    443757              0                2.000000000 
    445000              1                2.000000000             SemiMu                178                   Unmatched                     178                    0.992895365

    445072              1                2.000000000             SemiMu                179                   Unmatched                     179                    0.958007097

    445161              0                2.000000000 
    445552              0                2.000000000 
    445645              0                2.000000000 