  Event Nr     Extra cuts     Decay channel      MW Number     TTbar splitting file      MW Nr (split)    MC scale factor   Lumi    NormFactor 
   * Lumi = 19646.8
   * NormFactor = 2.00294e-05

    29            0     
    32            0     
    1079          0     
    1986          0     
    2285          0     
    2567          0     
    2925          0     
    3425          0     
    4031          1               SemiMu              1             Unmatched              1                 0.796828
    4631          1               SemiMu              2             Unmatched              2                 1.00801
    4760          0     
    4814          0     
    5043          0     
    5154          0     
    5175          0     
    5508          0     
    5649          1               SemiMu              3             Unmatched              3                 0.984543
    5943          0     
    6058          0     
    6629          1               SemiMu              4             Unmatched              4                 0.993618
    6649          1               SemiMu              5             Unmatched              5                 0.50588
    6883          0     
    7058          0     
    7416          1               SemiMu              6             Unmatched              6                 1.05228
    8075          0     
    8124          0     
    8294          1               SemiMu              7             Unmatched              7                 0.895778
    9344          0     
    11549         0     
    11711         0     
    12324         0     
    12810         0     
    13088         0     
    13520         0     
    13547         0     
    13950         0     
    13987         0     
    14125         0     
    14267         0     
    14332         0     
    14977         0     
    15056         0     
    15147         1               SemiMu              8             Unmatched              8                 1.45907
    15857         0     
    16276         1               SemiMu              9             Unmatched              9                 0.232602
    16638         0     
    17067         1               SemiMu              10            Unmatched              10                0.914556
    17072         0     
    17649         1               SemiMu              11            Unmatched              11                0.971354
    17969         0     
    18265         0     
    18482         0     
    18485         0     
    18588         0     
    18730         0     
    18907         0     
    19578         0     
    19726         1               SemiMu              12            Unmatched              12                1.11323
    19806         0     
    20087         0     
    20968         0     
    21413         0     
    21432         0     
    21468         0     
    21612         0     
    21920         0     
    21949         0     
    22741         0     
    23567         0     
    23697         1               SemiMu              13            Unmatched              13                0.993734
    23722         0     
    23741         0     
    23909         0     
    24621         0     
    24905         0     
    25523         0     
    25551         0     
    25989         0     
    26742         0     
    27042         0     
    27166         1               SemiMu              14            Unmatched              14                0.497735
    27974         0     
    29125         0     
    29966         0     
    31200         0     
    31477         0     
    31667         0     
    32367         1               SemiMu              15            Unmatched              15                0.971364
    32934         0     
    33648         0     
    33713         0     
    33829         0     
    34050         0     
    34076         0     
    35012         0     
    35666         0     
    35713         0     
    36636         0     
    36917         0     
    38412         0     
    38848         0     
    39022         0     
    39391         0     
    39589         1               SemiMu              16            Unmatched              16                0.607361
    39691         0     
    39808         0     
    40373         0     
    40408         0     
    40478         0     
    41282         0     
    41362         0     
    41454         0     
    41651         0     
    41816         0     
    43333         0     
    43454         0     
    43536         0     
    43728         0     
    43960         0     
    44207         0     
    44632         0     
    44670         0     
    44773         0     
    45600         0     
    45787         0     
    45820         0     
    45984         1               SemiMu              17            Unmatched              17                0.992109
    45991         0     
    46059         0     
    46236         0     
    46571         0     
    47081         0     
    47734         0     
    48778         1               SemiMu              18            Unmatched              18                0.86517
    49866         1               SemiMu              19            Unmatched              19                0.972597
    50099         0     
    50260         0     
    50384         0     
    50409         0     
    50500         0     
    51216         0     
    51426         0     
    51783         0     
    52275         0     
    52378         0     
    52747         1               SemiMu              20            Unmatched              20                1.13083
    53023         0     
    53089         0     
    53262         0     
    53545         0     
    53552         0     
    53660         0     
    53745         0     
    53752         0     
    53869         0     
    54207         0     
    54381         1               SemiMu              21            Unmatched              21                0.90404
    54405         0     
    54569         0     
    54931         0     
    54939         0     
    55069         1               SemiMu              22            Unmatched              22                0.59941
    55300         0     
    55450         0     
    55590         0     
    55902         0     
    55915         0     
    56511         0     
    56662         0     
    58318         0     
    58611         0     
    58874         1               SemiMu              23            Unmatched              23                0.898426
    59270         0     
    59356         0     
    59410         0     
    59810         0     
    59887         0     
    59993         0     
    60123         0     
    60205         0     
    60503         0     
    60605         1               SemiMu              24            Unmatched              24                0.96239
    60707         1               SemiMu              25            Unmatched              25                0.941735
    60903         0     
    61505         0     
    61641         0     
    62404         0     
    62681         0     
    63387         0     
    63825         0     
    63965         0     
    64167         1               SemiMu              26            Unmatched              26                0.873732
    64701         0     
    64795         1               SemiMu              27            Unmatched              27                0.97684
    64800         0     
    65311         0     
    65552         0     
    65826         0     
    66012         0     
    66351         0     
    66359         0     
    66789         0     
    67004         0     
    67385         0     
    68076         1               SemiMu              28            Unmatched              28                0.979832
    68393         0     
    68715         0     
    68749         0     
    68769         0     
    69161         0     
    70234         0     
    70806         0     
    71523         1               SemiMu              29            Unmatched              29                0.876199
    72046         0     
    72098         0     
    72895         0     
    73163         0     
    73317         1               SemiMu              30            Unmatched              30                1.05677
    73827         0     
    74045         0     
    74499         0     
    74607         0     
    74775         1               SemiMu              31            Unmatched              31                0.934095
    74868         0     
    74922         0     
    75297         1               SemiMu              32            Unmatched              32                0.951053
    75363         0     
    75578         0     
    75885         0     
    75899         0     
    76039         0     
    76170         0     
    76708         0     
    76841         1               SemiMu              33            Unmatched              33                0.902586
    76933         0     
    77059         0     
    77131         0     
    77516         0     
    77675         0     
    78248         0     
    78620         1               SemiMu              34            Unmatched              34                0.983037
    78667         1               SemiMu              35            Unmatched              35                1.08997
    78846         0     
    80008         0     
    80136         0     
    81538         0     
    81901         0     
    81928         0     
    82426         0     
    82450         0     
    82648         0     
    82707         0     
    82943         0     
    83435         1               SemiMu              36            Unmatched              36                1.16165
    85234         0     
    85269         0     
    85506         0     
    85580         0     
    85900         1               SemiMu              37            Unmatched              37                0.400377
    86338         1               SemiMu              38            Unmatched              38                0.00100168
    86452         0     
    86828         0     
    86867         0     
    87413         0     
    88030         0     
    88122         0     
    88559         0     
    88776         0     
    89014         0     
    89147         0     
    89828         0     
    90424         0     
    90630         0     
    90882         0     
    91074         0     
    91592         0     
    91610         0     
    91822         0     
    91878         0     
    94705         1               SemiMu              39            Unmatched              39                0.993861
    94948         0     
    95209         0     
    95349         1               SemiMu              40            Unmatched              40                0.791617
    95540         0     
    95636         0     
    96049         0     
    96655         0     
    96932         0     
    97063         1               SemiMu              41            Unmatched              41                0.756896
    97116         0     
    97366         0     
    97631         0     
    97670         0     
    97681         1               SemiMu              42            Unmatched              42                0.83089
    97865         0     
    99369         0     
    99484         0     
    99848         0     
    100612        0     
    100946        0     
    101164        0     
    101558        0     
    102115        0     
    102578        0     
    102855        1               SemiMu              43            Unmatched              43                0.990358
    102993        0     
    103184        1               SemiMu              44            Unmatched              44                0.956603
    103902        0     
    103955        0     
    103967        0     
    104474        0     
    104572        0     
    104888        0     
    105250        0     
    105326        0     
    105429        0     
    105887        0     
    106131        0     
    106358        0     
    106511        0     
    107437        0     
    107846        0     
    107981        0     
    108565        0     
    108714        0     
    109569        0     
    109996        1               SemiMu              45            Unmatched              45                0.961885
    110334        0     
    110450        0     
    110693        0     
    110725        1               SemiMu              46            Unmatched              46                1.17689
    110866        0     
    111122        0     
    111322        0     
    111325        0     
    111374        0     
    111468        0     
    111504        0     
    111669        0     
    112771        1               SemiMu              47            Unmatched              47                1.50014
    113506        1               SemiMu              48            Unmatched              48                0.993478
    113963        0     
    114058        0     
    114388        0     
    114751        0     
    114803        0     
    114821        0     
    115290        0     
    115410        1               SemiMu              49            Unmatched              49                1.05242
    115587        0     
    115845        0     
    116028        0     
    116030        0     
    116161        0     
    116916        0     
    116982        0     
    117732        0     
    118138        1               SemiMu              50            Unmatched              50                0.0289151
    118163        0     
    118254        0     
    118436        0     
    118503        0     
    118547        0     
    118750        0     
    119197        0     
    119411        0     
    119639        0     
    119715        0     
    119867        0     
    120023        0     
    120774        0     
    120789        0     
    120849        0     
    120875        0     
    121119        1               SemiMu              51            Unmatched              51                0.934527
    121130        1               SemiMu              52            Unmatched              52                0.992185
    122119        0     
    122131        1               SemiMu              53            Unmatched              53                0.907937
    122148        0     
    122213        1               SemiMu              54            Unmatched              54                1.925
    123653        0     
    123656        0     
    123790        0     
    123936        0     
    123991        0     
    124214        0     
    124977        0     
    124982        0     
    125069        0     
    125983        0     
    126182        0     
    126269        0     
    126306        0     
    126449        0     
    126838        0     
    127520        0     
    127576        0     
    127704        0     
    128246        0     
    128835        0     
    128839        0     
    128939        0     
    129197        1               SemiMu              55            Unmatched              55                0.981316
    129500        1               SemiMu              56            Unmatched              56                0.00624592
    129660        0     
    129798        0     
    129944        1               SemiMu              57            Unmatched              57                0.947068
    130043        0     
    130280        0     
    130614        0     
    130674        0     
    130879        0     
    131515        0     
    131750        0     
    131991        0     
    132097        0     
    132146        0     
    132367        0     
    132441        0     
    132886        0     
    133577        0     
    133705        0     
    134102        0     
    134397        1               SemiMu              58            Unmatched              58                1.177
    134705        0     
    134716        0     
    134734        0     
    135095        0     
    135395        0     
    135654        1               SemiMu              59            Unmatched              59                1.07924
    135695        0     
    135776        0     
    135884        0     
    136570        0     
    137327        0     
    138461        0     
    138958        0     
    139766        0     
    140004        0     
    140466        0     
    140506        0     
    140575        1               SemiMu              60            Unmatched              60                0.974173
    140697        0     
    140761        0     
    141611        0     
    141681        0     
    141924        1               SemiMu              61            Unmatched              61                1.3272
    142099        0     
    142518        0     
    142810        0     
    143434        0     
    143475        0     
    143706        0     
    143763        0     
    144003        0     
    144033        0     
    144039        0     
    144193        0     
    144863        0     
    145726        0     
    146438        0     
    146791        0     
    147090        1               SemiMu              62            Unmatched              62                0.972194
    147164        0     
    147901        0     
    147966        0     
    149035        0     
    149195        0     
    149451        0     
    149822        1               SemiMu              63            Unmatched              63                0.884963
    150501        0     
    150778        0     
    150879        0     
    151380        1               SemiMu              64            Unmatched              64                0.905071
    151740        0     
    152215        0     
    152377        0     
    152524        0     
    152919        1               SemiMu              65            Unmatched              65                1.30279
    153658        0     
    153712        1               SemiMu              66            Unmatched              66                1.00263
    153903        1               SemiMu              67            Unmatched              67                0.601944
    153944        0     
    154934        0     
    155286        0     
    155639        0     
    156098        0     
    156162        0     
    156180        0     
    156257        0     
    156403        0     
    156566        0     
    156837        0     
    157689        0     
    157876        0     
    157897        0     
    159110        1               SemiMu              68            Unmatched              68                0.166704
    159271        0     
    159434        0     
    159449        1               SemiMu              69            Unmatched              69                0.789017
    159787        1               SemiMu              70            Unmatched              70                0.932045
    159845        0     
    160202        0     
    160223        0     
    160316        1               SemiMu              71            Unmatched              71                1.38763
    160545        0     
    160787        0     
    160926        0     
    160996        0     
    161358        0     
    161814        0     
    161824        0     
    161865        0     
    162202        0     
    162510        0     
    162922        0     
    163383        0     
    163484        0     
    163972        0     
    164114        0     
    164522        0     
    164593        0     
    165300        0     
    165387        0     
    165428        0     
    165831        0     
    166455        0     
    166697        1               SemiMu              72            Unmatched              72                0.977195
    166916        0     
    167036        1               SemiMu              73            Unmatched              73                1.00561
    167198        0     
    167238        0     
    167493        0     
    167804        0     
    168114        0     
    168153        0     
    168154        0     
    168442        0     
    169339        0     
    169728        0     
    170193        0     
    170296        1               SemiMu              74            Unmatched              74                0.83425
    170477        1               SemiMu              75            Unmatched              75                0.794494
    170999        0     
    171339        0     
    171764        0     
    171887        0     
    171931        0     
    171951        0     
    172481        0     
    172507        0     
    172512        1               SemiMu              76            Unmatched              76                0.889452
    172826        1               SemiMu              77            Unmatched              77                1.11075
    173089        0     
    173433        1               SemiMu              78            Unmatched              78                1.68815
    173466        0     
    173816        0     
    175133        0     
    175508        0     
    175740        0     
    175804        0     
    175866        1               SemiMu              79            Unmatched              79                0.310516
    176274        0     
    176400        0     
    177066        0     
    177171        0     
    177707        0     
    177823        0     
    177928        0     
    178175        0     
    178424        0     
    178527        0     
    178544        0     
    178905        0     
    179648        1               SemiMu              80            Unmatched              80                0.891438
    179984        0     
    180310        0     
    180633        0     
    180675        0     
    180778        0     
    180896        0     
    180957        0     
    181052        0     
    181168        1               SemiMu              81            Unmatched              81                0.983642
    181392        1               SemiMu              82            Unmatched              82                0.898733
    181532        1               SemiMu              83            Unmatched              83                0.893196
    182160        1               SemiMu              84            Unmatched              84                0.528582
    182177        0     
    182259        0     
    182846        1               SemiMu              85            Unmatched              85                0.939234
    183508        0     
    183803        1               SemiMu              86            Unmatched              86                1.49784
    184530        0     
    184719        0     
    184840        0     
    185395        0     
    185448        0     
    185950        0     
    186054        0     
    186249        0     
    186673        0     
    187123        0     
    187288        0     
    188015        0     
    188026        1               SemiMu              87            Unmatched              87                0.405256
    188124        0     
    188893        0     
    190148        0     
    190280        1               SemiMu              88            Unmatched              88                1.31393
    190777        0     
    190990        0     
    191190        0     
    191318        0     
    191602        0     
    191750        0     
    192007        1               SemiMu              89            Unmatched              89                0.414363
    192263        0     
    192327        0     
    192778        0     
    193301        0     
    193936        0     
    194021        1               SemiMu              90            Unmatched              90                0.898762
    194023        0     
    194239        0     
    194449        0     
    194474        0     
    194540        0     
    194922        0     
    195259        1               SemiMu              91            Unmatched              91                1.29736
    195619        1               SemiMu              92            Unmatched              92                0.875933
    196481        0     
    196832        0     
    197192        0     
    197231        0     
    197242        0     
    197368        1               SemiMu              93            Unmatched              93                0.91843
    198232        0     
    198552        0     
    198614        0     
    198969        0     
    199798        0     
    200000        1               SemiMu              94            Unmatched              94                0.928899
    200148        1               SemiMu              95            Unmatched              95                0.498832
    200597        0     
    200725        0     
    201160        0     
    201436        0     
    201656        0     
    201786        0     
    201902        0     
    202526        0     
    202595        0     
    202791        0     
    202899        1               SemiMu              96            Unmatched              96                1.11271
    203112        0     
    203410        0     
    204111        1               SemiMu              97            Unmatched              97                0.78169
    204210        0     
    204850        0     
    204932        0     
    205338        0     
    205394        0     
    205421        1               SemiMu              98            Unmatched              98                0.952789
    205965        0     
    206000        0     
    206036        0     
    206112        0     
    206684        0     
    206770        0     
    207000        0     
    207340        1               SemiMu              99            Unmatched              99                0.23255
    207591        0     
    208026        1               SemiMu              100           Unmatched              100               0.961292
    208349        0     
    208614        0     
    208705        0     
    208972        0     
    209315        1               SemiMu              101           Unmatched              101               0.991778
    209669        1               SemiMu              102           Unmatched              102               0.996827
    209709        0     
    209745        0     
    210035        0     
    210525        0     
    210677        0     
    211037        0     
    211623        0     
    211875        0     
    212054        0     
    212473        0     
    212553        0     
    212983        0     
    213274        1               SemiMu              103           Unmatched              103               0.393391
    213747        0     
    213827        0     
    213913        0     
    214350        0     
    214471        1               SemiMu              104           Unmatched              104               0.972283
    214481        0     
    214519        0     
    214869        0     
    215015        1               SemiMu              105           Unmatched              105               0.921645
    216246        0     
    217027        0     
    217284        0     
    217368        0     
    217879        0     
    217914        0     
    219279        0     
    219490        0     
    220455        0     
    221003        0     
    221309        1               SemiMu              106           Unmatched              106               0.963
    221597        0     
    222128        0     
    222935        0     
    223489        0     
    223811        1               SemiMu              107           Unmatched              107               0.885713
    223842        0     
    224069        0     
    224593        0     
    224841        0     
    225107        0     
    225819        0     
    225912        0     
    227122        0     
    227734        0     
    227801        0     
    228546        0     
    228713        0     
    229093        0     
    229095        0     
    229714        0     
    231126        0     
    231402        0     
    232035        0     
    232171        0     
    232904        0     
    233417        0     
    233436        0     
    235410        0     
    235494        0     
    235708        0     
    235715        0     
    236853        0     
    238165        0     
    238550        0     
    239210        0     
    239414        0     
    239936        0     
    240127        0     
    240180        0     
    240479        0     
    240624        0     
    241032        0     
    241894        0     
    242313        0     
    242331        0     
    243041        1               SemiMu              108           Unmatched              108               0.984703
    243364        0     
    243851        0     
    243883        0     
    244102        0     
    244330        0     
    244899        0     
    245791        0     
    245914        0     
    246219        0     
    246251        0     
    246309        0     
    246647        0     
    246719        1               SemiMu              109           Unmatched              109               0.398854
    246763        0     
    247177        0     
    247702        1               SemiMu              110           Unmatched              110               0.794807
    247753        0     
    247986        0     
    249261        0     
    249753        0     
    249883        0     
    250350        0     
    250421        0     
    250749        0     
    250847        0     
    250861        1               SemiMu              111           Unmatched              111               1.00885
    251435        0     
    251532        0     
    252183        0     
    252380        0     
    252489        0     
    252520        0     
    252564        0     
    252705        0     
    253328        0     
    253330        1               SemiMu              112           Unmatched              112               0.980815
    253603        0     
    253741        0     
    253976        0     
    254011        0     
    254172        0     
    254726        0     
    255101        0     
    255831        0     
    256182        1               SemiMu              113           Unmatched              113               1.00818
    256431        0     
    256671        1               SemiMu              114           Unmatched              114               0.938767
    256727        1               SemiMu              115           Unmatched              115               0.518183
    256848        0     
    257130        0     
    257226        1               SemiMu              116           Unmatched              116               1.00312
    257363        0     
    258378        0     
    258877        0     
    259442        1               SemiMu              117           Unmatched              117               0.975998
    259951        1               SemiMu              118           Unmatched              118               0.890566
    260411        1               SemiMu              119           Unmatched              119               0.9261
    260708        0     
    260730        0     
    260761        0     
    260924        0     
    260964        0     
    261289        0     
    261432        0     
    261672        0     
    261740        1               SemiMu              120           Unmatched              120               0.69099
    261962        0     
    262281        0     
    262554        0     
    263430        0     
    263753        0     
    263876        0     
    264529        0     
    264698        0     
    264803        0     
    265042        0     
    265073        0     
    265142        1               SemiMu              121           Unmatched              121               0.894236
    265308        0     
    265457        0     
    266121        0     
    266145        0     
    266564        0     
    267176        0     
    267521        0     
    267702        1               SemiMu              122           Unmatched              122               0.792924
    267997        1               SemiMu              123           Unmatched              123               0.894377
    267998        0     
    268029        0     
    268285        0     
    268791        0     
    268939        0     
    269200        0     
    269533        0     
    269568        0     
    270332        0     
    270383        1               SemiMu              124           Unmatched              124               0.974116
    270693        0     
    271548        0     
    272160        0     
    272461        0     
    272654        0     
    272848        0     
    273061        0     
    273464        0     
    273543        0     
    274019        0     
    274091        0     
    274443        0     
    274821        0     
    275247        0     
    275352        0     
    275357        0     
    275517        0     
    275996        0     
    276065        0     
    276242        0     
    276485        0     
    276688        0     
    277330        0     
    277638        0     
    277751        0     
    277774        0     
    277846        0     
    277888        0     
    277992        0     
    278262        0     
    278760        0     
    279274        0     
    279353        0     
    279695        0     
    280160        0     
    280279        0     
    280347        0     
    280650        0     
    281826        0     
    282085        0     
    282991        0     
    283303        0     
    283489        0     
    284100        0     
    284139        1               SemiMu              125           Unmatched              125               0.813485
    284253        0     
    284669        0     
    284741        0     
    284840        0     
    284913        0     
    285312        0     
    285483        0     
    285970        0     
    287072        0     
    287341        0     
    288227        0     
    288323        0     
    288872        0     
    288933        0     
    288956        0     
    289263        0     
    289295        0     
    289797        0     
    290262        0     
    290416        0     
    290499        0     
    290654        1               SemiMu              126           Unmatched              126               0.893973
    290662        1               SemiMu              127           Unmatched              127               0.898299
    290807        0     
    291327        0     
    291344        0     
    291766        0     
    291936        0     
    292204        0     
    292271        0     
    292701        0     
    292805        0     
    293028        0     
    293294        0     
    293531        1               SemiMu              128           Unmatched              128               0.505271
    293569        0     
    293698        0     
    294019        0     
    295048        0     
    295144        0     
    295329        0     
    295677        0     
    295903        0     
    296224        0     
    296631        0     
    296894        0     
    297032        0     
    297137        0     
    297488        0     
    297498        1               SemiMu              129           Unmatched              129               0.903727
    297727        0     
    297793        0     
    298007        0     
    298189        1               SemiMu              130           Unmatched              130               0.971061
    299339        0     
    299607        0     
    299884        0     
    300620        0     
    300757        0     
    300907        0     
    301010        0     
    301116        0     
    301250        0     
    301561        0     
    301620        0     
    302122        0     
    302866        0     
    302972        0     
    302982        0     
    303311        0     
    303369        0     
    303491        0     
    303912        0     
    304689        0     
    304803        0     
    305633        0     
    306266        0     
    306830        0     
    306857        0     
    306922        0     
    307026        0     
    307266        1               SemiMu              131           Unmatched              131               1.05613
    307400        0     
    309461        1               SemiMu              132           Unmatched              132               0.976834
    309632        1               SemiMu              133           Unmatched              133               1.13442
    309675        0     
    309816        0     
    311337        0     
    311359        1               SemiMu              134           Unmatched              134               0.704019
    311392        0     
    311496        0     
    311502        0     
    311815        0     
    312325        0     
    312579        0     
    312689        0     
    312938        0     
    313204        0     
    313341        0     
    313400        0     
    313431        0     
    313686        1               SemiMu              135           Unmatched              135               0.949685
    313798        0     
    314171        0     
    314443        0     
    314539        0     
    314641        0     
    314957        0     
    315276        0     
    316261        0     
    316401        0     
    316660        0     
    316850        0     
    316921        0     
    317304        0     
    317646        0     
    317679        0     
    317738        0     
    318379        1               SemiMu              136           Unmatched              136               0.929284
    318540        0     
    318567        0     
    318894        1               SemiMu              137           Unmatched              137               0.79799
    319212        0     
    319305        1               SemiMu              138           Unmatched              138               1.05268
    319441        0     
    319804        0     
    320439        0     
    320718        0     
    320729        0     
    321080        0     
    321163        0     
    321300        0     
    322088        0     
    322581        0     
    322911        1               SemiMu              139           Unmatched              139               0.888624
    323368        1               SemiMu              140           Unmatched              140               0.992723
    323944        0     
    324549        0     
    324650        0     
    325342        0     
    325574        0     
    325641        0     
    326201        0     
    326654        0     
    326905        0     
    327383        1               SemiMu              141           Unmatched              141               0.0784241
    328206        0     
    328319        0     
    328482        0     
    328580        0     
    328635        0     
    328847        0     
    328939        0     
    328997        0     
    329709        0     
    329764        0     
    329977        0     
    330123        0     
    330132        0     
    330162        1               SemiMu              142           Unmatched              142               1.09708
    330644        1               SemiMu              143           Unmatched              143               0.980459
    330825        0     
    330924        0     
    331143        0     
    331345        0     
    331384        0     
    331481        0     
    331571        0     
    331602        1               SemiMu              144           Unmatched              144               0.891425
    332351        0     
    332532        0     
    332606        0     
    332647        0     
    332771        0     
    332804        0     
    333103        0     
    333207        0     
    333325        0     
    333639        0     
    334064        0     
    334231        0     
    334291        1               SemiMu              145           Unmatched              145               1.3027
    334332        0     
    334533        0     
    334728        0     
    335008        0     
    335162        0     
    335217        1               SemiMu              146           Unmatched              146               0.975349
    335464        0     
    335635        0     
    335681        0     
    335737        0     
    335919        0     
    336463        0     
    336551        0     
    336953        0     
    337159        1               SemiMu              147           Unmatched              147               0.461802
    337191        0     
    337264        0     
    337717        0     
    339165        0     
    339677        0     
    340269        0     
    340282        1               SemiMu              148           Unmatched              148               1.45717
    340376        0     
    340388        0     
    340581        0     
    341369        0     
    341856        0     
    342483        0     
    342558        0     
    342993        0     
    343011        0     
    343259        0     
    343331        0     
    343730        0     
    344245        0     
    344454        0     
    345345        0     
    345996        0     
    346924        0     
    347003        0     
    347017        0     
    347355        0     
    347505        0     
    347897        0     
    348166        0     
    348196        0     
    348246        0     
    348546        0     
    348635        0     
    348766        0     
    349352        0     
    349366        0     
    349415        0     
    349776        0     
    350395        0     
    350710        0     
    350895        0     
    350954        0     
    351697        0     
    352032        0     
    352419        0     
    352574        0     
    352689        0     
    352794        0     
    353608        0     
    353714        1               SemiMu              149           Unmatched              149               0.975668
    354073        0     
    354149        0     
    354564        0     
    354878        1               SemiMu              150           Unmatched              150               0.990873
    355112        0     
    355901        0     
    356538        0     
    356611        0     
    357188        0     
    357681        0     
    358077        0     
    358154        0     
    358155        0     
    358292        0     
    358677        0     
    358978        0     
    359280        0     
    359756        0     
    359779        0     
    360032        0     
    360313        1               SemiMu              151           Unmatched              151               0.0180707
    360316        0     
    360567        0     
    360634        0     
    360939        0     
    361037        0     
    361662        0     
    362566        0     
    362750        0     
    363647        0     
    364033        0     
    364150        0     
    364854        0     
    365065        0     
    366713        0     
    366920        0     
    368110        0     
    368275        0     
    368879        0     
    369034        0     
    369342        0     
    369747        0     
    370449        0     
    370876        0     
    371029        0     
    371137        0     
    371460        0     
    371537        0     
    372151        0     
    372429        0     
    372830        0     
    373013        1               SemiMu              152           Unmatched              152               0.954921
    373873        0     
    373930        0     
    373961        0     
    374167        0     
    375243        0     
    375264        0     
    375358        0     
    375956        0     
    376012        0     
    376522        0     
    376730        0     
    377255        0     
    377551        0     
    377968        0     
    378300        0     
    378948        0     
    379027        0     
    379104        0     
    380114        0     
    380681        0     
    380730        0     
    381171        0     
    381240        0     
    381776        1               SemiMu              153           Unmatched              153               0.487263
    381830        0     
    381949        0     
    382309        0     
    382941        0     
    383734        1               SemiMu              154           Unmatched              154               0.872396
    384270        1               SemiMu              155           Unmatched              155               0.881259
    384441        0     
    384536        0     
    384724        0     
    384970        0     
    385120        1               SemiMu              156           Unmatched              156               0.907784
    385445        0     
    386317        0     
    386724        0     
    386748        0     
    387185        0     
    387437        0     
    388982        0     
    389987        0     
    390196        0     
    390207        0     
    390265        0     
    390673        0     
    391595        0     
    392382        0     
    392433        0     
    392604        0     
    392731        0     
    393032        1               SemiMu              157           Unmatched              157               1.16971
    393160        0     
    393178        0     
    393305        1               SemiMu              158           Unmatched              158               0.620768
    394024        0     
    394124        0     
    394130        1               SemiMu              159           Unmatched              159               0.918618
    394398        0     
    394418        0     
    394901        1               SemiMu              160           Unmatched              160               0.819502
    395096        0     
    395362        1               SemiMu              161           Unmatched              161               1.07892
    395644        0     
    395901        0     
    395984        1               SemiMu              162           Unmatched              162               0.970762
    396013        0     
    397472        0     
    398067        0     
    398163        0     
    398197        0     
    398768        1               SemiMu              163           Unmatched              163               0.601725
    398785        0     
    399454        0     
    399679        1               SemiMu              164           Unmatched              164               0.943925
    399920        0     
    399966        0     
    400814        0     
    400911        1               SemiMu              165           Unmatched              165               0.924594
    401573        1               SemiMu              166           Unmatched              166               1.4215
    401586        0     
    401718        0     
    401986        0     
    402187        0     
    402606        0     
    402955        1               SemiMu              167           Unmatched              167               0.974006
    403149        0     
    403161        0     
    403362        0     
    403772        0     
    403933        0     
    404073        0     
    404124        0     
    404699        0     
    404958        0     
    405211        0     
    405331        0     
    405786        0     
    406281        0     
    406368        0     
    406718        0     
    406723        0     
    407367        0     
    407858        1               SemiMu              168           Unmatched              168               0.0297053
    408141        0     
    408218        0     
    408245        0     
    408471        1               SemiMu              169           Unmatched              169               0.961184
    409003        0     
    409602        0     
    409685        0     
    409852        0     
    410281        0     
    410303        0     
    410724        0     
    412081        0     
    412354        0     
    412470        0     
    412531        0     
    412748        0     
    413249        1               SemiMu              170           Unmatched              170               0.930636
    413745        0     
    413821        0     
    413988        0     
    414134        0     
    414424        0     
    414440        0     
    414545        0     
    414745        0     
    415421        0     
    415457        0     
    415575        0     
    415929        1               SemiMu              171           Unmatched              171               0.896975
    416107        0     
    416140        1               SemiMu              172           Unmatched              172               0.503283
    416380        0     
    416881        0     
    417392        0     
    417587        0     
    418064        0     
    418065        0     
    418490        0     
    419183        1               SemiMu              173           Unmatched              173               0.17022
    419349        1               SemiMu              174           Unmatched              174               0.488093
    419763        0     
    419803        0     
    419871        0     
    420155        0     
    420286        0     
    420316        0     
    420504        0     
    421119        0     
    421172        0     
    421379        0     
    421448        0     
    422935        0     
    422979        0     
    423046        0     
    423201        0     
    424171        0     
    424671        0     
    424787        0     
    424828        0     
    424842        0     
    424886        0     
    425036        0     
    425436        0     
    425579        0     
    425670        0     
    425682        0     
    426388        0     
    426531        0     
    427543        0     
    428714        0     
    428907        0     
    428987        1               SemiMu              175           Unmatched              175               1.32525
    429127        0     
    429823        0     
    429991        0     
    429994        0     
    430240        0     
    430350        0     
    430494        0     
    430805        0     
    431732        0     
    431827        0     
    431880        0     
    432873        0     
    432984        0     
    433554        0     
    433558        0     
    434308        0     
    434437        0     
    434885        0     
    434940        0     
    435086        0     
    435553        0     
    435843        0     
    435858        0     
    436042        0     
    436645        0     
    437568        0     
    438738        0     
    438870        1               SemiMu              176           Unmatched              176               1.00826
    439610        0     
    440291        0     
    440591        0     
    441426        1               SemiMu              177           Unmatched              177               0.596709
    441676        0     
    442001        0     
    442316        0     
    442382        0     
    442559        0     
    442806        0     
    443063        0     
    443092        0     
    443400        0     
    443687        0     
    443757        0     
    445000        1               SemiMu              178           Unmatched              178               0.992895
    445072        1               SemiMu              179           Unmatched              179               0.958007
    445161        0     
    445552        0     
    445645        0     